0.21,0.28,0.5,0,0.14,0.28,0.21,0.07,0,0.94,0.21,0.79,0.65,0.21,0.14,0.14,0.07,0.28,3.47,0,1.59,0,0.43,0.43,0,0,0,0,0,0,0,0,0,0,0,0,0.07,0,0,0,0,0,0,0,0,0,0,0,0,0.132,0,0.372,0.18,0.048,5.114,101,1028
0,0,0,0,0.63,0,0.31,0.63,0.31,0.63,0.31,0.31,0.31,0,0,0.31,0,0,3.18,0,0.31,0,0,0,0,0,0,0,0,0,0,0,0,0,0,0,0,0,0,0,0,0,0,0,0,0,0,0,0,0.135,0,0.135,0,0,3.537,40,191
0,0.69,0.34,0,0.34,0,0,0,0,0,0,0.69,0,0,0,0.34,0,1.39,2.09,0,1.04,0,0,0,0,0,0,0,0,0,0,0,0,0,0,0,0,0,0,0,0,0,0,0,0,0,0,0,0,0.056,0,0.786,0,0,3.728,61,261
0,0,0,0,0.9,0,0.9,0,0,0.9,0.9,0,0.9,0,0,0,0,0,2.72,0,0.9,0,0,0,0,0,0,0,0,0,0,0,0,0,0,0,0,0,0,0,0,0,0,0,0,0,0,0,0,0,0,0,0,0,2.083,7,25
0,0,1.42,0,0.71,0.35,0,0.35,0,0.71,0,0.35,0,0,0,5.35,0,0,3.21,0,2.85,0,0.35,0,0,0,0,0,0,0,0,0,0,0,0,0,0,0,0,0,0,0,0,0,0,0,0,0,0,0.102,0,0.357,0,0,1.971,24,205
0,0,0,0,0.94,0,0,0,0,0,0,0,0,0,0,0,0,0,1.88,0,2.83,0,0,0,0,0,0,0,0,0,0,0,0,0,0,0,0,0,0,0,0,0,0,0,0,0,0,0,0,0,0,0.428,0,0,4.652,31,107
0,0,0,0,2.94,0,0,0,0,0,0,0,0,0,0,2.94,0,0,0,0,0,0,0,0,0,0,0,0,0,0,0,0,0,0,0,0,0,0,0,0,0,0,0,0,0,0,0,0,0.404,0.404,0,0.809,0,0,4.857,12,34
0,0,0,0,0.65,0,0.65,0,0,0,0.65,0.65,0,0,0,0.65,1.3,0,1.3,5.22,1.3,0,0,0.65,0,0,0,0,0,0,0,0,0,0,0,0,0,0,0,0,0,0,0,0,0,0,0,0,0,0.459,0,0.091,0,0,2.687,66,129
0,0,0,0,1.89,0.27,0,0,0,0,0,0.81,0,0,0,0.27,0,0,3.51,0,2.7,0,0,0.27,0,0,0,0,0,0,0,0,0,0,0,0,0,0,0,0,0,0,0,0,0,0,0,0,0,0.045,0,0,0.091,0,1.39,11,89
0,0,0,0,2.94,0,0,0,0,0,0,0,0,0,0,2.94,0,0,0,0,0,0,0,0,0,0,0,0,0,0,0,0,0,0,0,0,0,0,0,0,0,0,0,0,0,0,0,0,0.436,0.436,0,0.873,0,0,4.142,12,29
0,0,0,0,0,0,0,0,0,0,0,0,0,0,0,0,0,0,0,0,0,0,0,0,0,0,0,0,0,0,0,0,0,0,0,0,0,0,0,0,0,0,0,0,0,0,0,0,0.022,0.022,0.019,0.022,0.022,0.022,3.482,5,5902
0,0,0,0,0,0,0,0,0,0,0,0,0,0,0,0,0,0,0,0,0,0,0,0,0,0,33.33,0,0,0,0,0,0,0,0,0,0,0,0,0,0,0,0,0,0,0,0,0,0,0,0,0,0,0,1,1,3
0,0,0,0,0,0,0,0,0,0,0,0,0,0,0,0,0,0,0,0,0,0,0,0,5.12,0,0,0,0,0,0,0,0,0,0,0,1.28,0,2.56,0,0,0,0,0,0,0,0,0,0,0.131,0,0.262,0,0,1.625,7,65
0,0,0,0,0,0,0,0,0,0,0,0,0,0,0,0,0,0,0,0,0,0,0,0,0,0,0.07,0,0.07,0,0,0,0.07,0,0,0,0,0,0,0.07,0,0,0,0,0,0,0,0,0,0.104,0.324,0,0,0.011,4.411,28,1866
0,0,0,0,2.04,0,0,0,0,0,0,0,0,0,0,0,0,0,0,0,0,0,0,0,4.08,2.04,2.04,2.04,2.04,2.04,2.04,2.04,0,2.04,2.04,2.04,0,0,0,2.04,0,4.08,0,0,0,0,0,0,0,0.671,0,0,0,0,2.5,11,35
0,0,1.44,0,0,0,0,0,0,0,0,0,0,0,0,0,0,0,0,0,0,0,0,0,0,0,0,0,0,0,0,0,0,0,0,0,0,0,2.89,0,0,2.89,0,0,0,0,0,0,0,0.247,0,0,0,0,2.38,8,50
0,0,0,0,0,0,0,0,0,0,0,5.88,0,0,0,0,0,0,0,0,0,0,0,0,0,0,0,0,0,0,0,0,0,0,0,0,0,0,0,0,0,0,0,0,0,0,0,0,0,0,0,0.546,0,0,2,4,16
0,0,0,0,0,0,0,0,0,2.32,0,0,0,0,0,2.32,0,0,2.32,0,0,0,0,0,0,0,0,0,0,0,0,0,0,0,0,0,0,0,0,0,2.32,0,0,0,0,2.32,0,0,0,0,0,0.375,0,0,1.444,5,13
0,0,0,0,0,0,0,0,0,0,0,0,0,0,0,0,0,0,0,0,0,0,0,0,8.1,5.4,0,0,0,0,0,0,0,0,0,0,0,0,0,0,0,0,0,1.35,0,0,0,0,0,0,0,0,0,0,1.142,2,8
0,0,0,0,0,0,0,0,0,0,0,0.86,0.86,0,0,0,0,0,0,0,0,0,0,0,3.47,0,0,0,0,0,0,0,0,0,0,0,0.86,0,0,0,0,0,0,0,0,0,0,0,0,0,0,0,0,0,2.322,11,72
0,0,0,0,0,0,0,0,0,1.44,0,0,0,0,0,0,0,1.44,0,0,0,0,0,0,2.89,1.44,0,1.44,0,1.44,1.44,0,0,0,1.44,1.44,0,0,0,0,0,0,0,0,0,0,0,0,0,0.156,0,0.313,0,0,1.689,10,49
0.08,0.16,0.08,0,0.2,0,0.04,0.04,0.04,0.49,0.12,0.32,0.12,0.04,0,0.08,0,0,0.77,0,0.2,0,0,0,0,0,0,0,0,0,0,0,0,0,0,0.69,0.65,0,0,0.04,0,0.08,0,0.16,0,0.28,0,0.89,0.016,0.243,0,0.033,0,0.016,2.747,86,1995
0,0,0,0,0,0,0,0.26,0.39,0,0.13,0.52,0.26,0,0,0,0,0,0,0,0,0,0,0,4.22,0.13,0,0,0,0,0,0,0,0,0,0.13,0.13,0,0,0,0,0,0,0.13,0,0,0,0,0.017,0.107,0,0,0.071,0,2.848,26,433
0,0,0,0,0,0,0,0,0,0,0,3.57,0,0,0,0,0,0,0,0,0,0,0,0,0,0,0,0,0,0,0,0,0,0,0,0,0,0,0,0,0,0,0,0,0,0,0,0,0,0,0,0.684,0,0,2,7,16
0,1.28,0,0,0,0,0,0,0,0,0,1.28,0,0,0,0,0,0,2.56,0,1.28,0,0,0,5.12,0,0,0,0,0,0,0,0,0,0,0,0,0,0,0,0,0,0,0,0,0,0,0,0,0.196,0,0,0,0,1.952,10,41
0,0,0,0,0,0,0,0,0,0,0,0,0,0,0,0,0,0,0,0,0,0,0,0,0,0,0,0,0,0,0,0,0,0,0,0,0,0,0,0,7.14,0,0,0,0,7.14,0,0,0,0,0,0,0,0,5.5,10,11
0,0,0.78,0,0,0,0,0,0,0,0,0.78,0,0,0,0,0,0,1.56,0,0,0,0,0,0,0,0,0,0,0,0,0,0,0,0,0,0,0,0,0,0,0,0,0,0,0,0,0.78,0.145,0,0,0.725,0,0,1.187,4,19
0.51,0,0.51,0,0,0.51,0,0,0,0,0,0.51,0,0,0,0,0,0,0.51,0,1.02,0,0,0,0,0,0,0,0,0,0,0,0,0,0,0,0.51,0,0.51,0,0.51,0,1.02,0,0,0.51,0,0,0,0.161,0.08,0.08,0,0,1.885,12,66
0,0,0,0,0,0,0,0,0,0,0,0,0,0,0,0,3.15,0,0,0,0,0,0,0,4.5,1.8,0,0,0,2.7,0,0,0,0,0,0,0,0,0,0.45,0,0,0,0,0,0,0,0,0.557,0,0,0.123,0,0,2.063,34,130
0,0,0,0,0,0,0,0,0,0,0,0,0,0,0,0,0,2.77,0,0,0,0,0,0,5.55,2.77,0,2.77,0,2.77,2.77,0,0,0,2.77,2.77,0,0,0,0,0,0,0,0,0,0,0,0,0,0.218,0,0.218,0,0,1.687,10,27
0,0,0,0,0.74,0,0,0,0,0,0,0,0,0,0,0,0,0,0.74,0,0,0,0,0,2.22,0.74,0,0,0,0,0,0,0,0,0,0,0.74,0,0,0,0,0,0,0,0,0,0,0,0,0.414,0,0.31,0.103,0,2.034,11,59
0,0,0,0,0.69,0,0,0,0,0,0,1.38,0,0,0,0,0,0,0.69,0,0.69,0,0,0,1.38,0,0,0,0,0,0,0,0,0,0,1.38,0,0,0,0,0,0,0,0,0,0,0,0,0,0,0,0,0.08,0,2.488,15,112
0,0,0,0,0,0,0,0,0.91,0,0,0.3,0,0,0,0,0,0,0,0,0,0,0,0,0,0,0,0,0,0,0,0,0,0,0.3,0,0,0,0,0,0,0,0,0,0,0,0,0,0.109,0.254,0,0,0,0,3.606,119,357
0,0,0,0,0,0,0,0,0.14,0,0,0.43,0,0,0,0,0.14,0,0,0,0.14,0,0,0,0.14,0.57,0,0,0,0,0,0,0.14,0,0,0.43,0,0,0,0,0,0,0,0,0,0,0,0.14,0.058,0.156,0,0,0,0,1.687,24,496
0,0,0,0,0,0,0,0,0,0,0,0,0,0,0,0,0,7.69,0,0,0,0,0,0,0,0,0,0,0,0,0,0,0,0,0,0,0,0,0,0,0,0,0,0,0,0,0,0,0,0,0,0,0,0,1,1,4
0,0,0.1,0,0,0,0,0,0,0.1,0.1,0.96,0.1,0,0,0,0,0,0,0,0,0,0,0,3.52,0.1,0,0,0,0,0,0,0.74,0,0,0.1,0.21,0.1,0,0,0,0,0,0,0,0,0,0,0.014,0.117,0,0,0,0,2.204,24,496
0,0,0,0,0.14,0,0,0.14,0,0,0,0.73,0,0,0,0,0,0,0.14,0,0,0,0,0,2.48,1.6,0,0,0,0.14,0,0,0,0,0,0,1.16,0,0.29,0,1.16,0,0,0,0.14,3.07,0,0,0.144,0.433,0.082,0.02,0,0,4.113,52,654
0,0,0,0,0.26,0.26,0,0,0,0.26,0,0.26,0,0,0,0.26,0,0,2.08,0,2.6,0,0,0,0.26,0,0,0,0,0,0.26,0,0,0,0,0,0,0,0,0,0,0,0.26,0,0.26,0,0,0,0.037,0,0,0,0,0,2.545,18,168
0,0,0,0,0,0,0,0,0,0,0,0,0,0,0,0,0,0,0,0,0,0,0,0,0,0,0,0,0,0,0,0,0,0,0,0,0,0,0,0,7.14,0,0,0,0,7.14,0,0,0,0,0,0,0,0,5.5,10,11
0,0,2,0,0,0,0,0,0,0,0,0,0,0,0,0,0,2,0,0,0,0,0,0,4,2,0,2,0,2,2,0,0,0,2,2,0,0,0,0,0,0,0,0,0,0,0,0,0,0.18,0,0,0,0,1.611,10,29
0,0.41,1.66,0,0.41,0,0,0,0,0,0,0.41,0,0,0,0.41,0,0.83,2.08,0,1.25,0,0,0,0,0,0,0,0,0,0,0,0,0,0,0,0,0,0,0,0,0,0,0,0.41,0,0,0,0,0.068,0,0.75,0,0,3.851,121,285
0.46,0.46,0.26,0,0,0.33,0.06,0.33,0,1.12,0.39,0.73,0.79,0,0.26,0.26,0,0.26,3.51,0,0.66,0,0.19,0.26,0,0,0,0,0,0,0,0,0,0,0,0,0,0,0,0,0,0,0,0,0,0,0,0,0.036,0.084,0,0.278,0.23,0.084,3.887,40,898
0.73,0.36,0.73,0,0,0.73,0.73,1.1,0.36,0.36,0,0.36,0,0,0,1.1,0.36,0.36,2.2,2.2,2.2,0,1.83,0,0,0,0,0,0,0,0,0,0,0,0,0,0,0,0,0,0,0,0,0,0,0,0,0,0,0.111,0,0.5,0.333,0,3.259,30,176
0,0.45,0.45,0,0.45,0,0,0,0,0,0,0.45,0,0,0,0.45,0,0.91,1.36,0,1.36,0,0,0,0,0,0,0,0,0,0,0,0,0,0,0,0,0,0,0,0,0,0,0,0,0,0,0,0,0,0,1.501,0,0,2.777,61,200
0,0.34,0,0,0.68,0,0.68,0,0,0.34,0.34,0,0,0,0,0.34,0,1.36,3.42,0,2.73,0,0,0,0.34,0.34,0,0,0,0,0,0,0.34,0,0,0,0,0,0,0,0,0,0,0,0,0,0,0,0,0,0,0.048,0.048,0,1.411,15,96
0,0,0,0,1.26,0,2.53,1.26,1.26,1.26,1.26,1.26,0,0,0,0,5.06,0,2.53,1.26,3.79,0,0,0,0,0,0,0,0,0,0,0,0,0,0,0,0,0,0,0,0,0,0,0,0,0,0,0,0,0,0,0.537,0,0,72.5,287,290
0,0,1.77,0,0,0,0,0,0,0,0,0.59,0,0,0,0,0,0.59,4.14,0,1.18,0,0,0,0,0,0,0,0,0,0,0,0.59,0,0,0,0,0,0,0,0,0,0,0,0,0,0,0,0,0.165,0,0.165,0.082,0,2.325,16,100
0,0,0,0,0,0,0,0,0,0,0,0,0,0,0,0,0,0,5.55,0,1.11,0,0,0,0,0,0,0,0,0,0,0,0,0,0,0,0,0,0,0,0,0,0,0,0,0,0,0,0,0,0,1.431,0,0,4.071,29,114
0.59,0.44,0.29,0,0.14,0.03,0.03,0.14,0.56,0.67,0.29,0.67,0.59,1.23,0.03,0.22,0.44,0.07,3.43,0,1.53,0,0.59,0.63,0,0,0,0,0,0,0,0,0,0,0.03,0,0,0,0,0,0,0,0,0,0.07,0,0,0,0,0.075,0,0.613,0.532,0.137,7.3,763,2453
0,0,0,0,4.25,0,0.7,0,0,0,0,0,0,0,0,2.83,0,0,4.96,0,1.41,0,0,0,0,0,0,0,0,0,0,0,0,0,0,0,0,0,0,0,0,0,0,0,0,0,0,0,0,0,0,0.38,0,0,1.153,3,30
0,0,0,0,0,0,0,0,0,0,0,2.32,0,0,0,0,0,0,1.16,0,1.16,0,0,0,0,0,0,0,0,0,0,0,0,0,0,0,0,0,0,0,0,0,0,0,0,0,0,1.16,0,0.744,0,0.148,0,0,1.972,18,71
0,0,0.25,0,0,0.25,0.5,0.25,0,0,0,0,0,0,0,0,0,0,1.25,0,0.25,0,0,0,0,0,0,0,0,0,0,0,0,0,0,0,0,0,0,0,0,0,0,0,0.25,0,0,0,0,0.18,0,0.045,0,0,1.324,5,98
0,0,0.35,0,0.35,0.71,0,0,0,0,0,0.71,0,0,0,0,0,0,0.71,0,0.35,0,0,0,0,0,0,0,0,0,0,0,0.35,0,0,0,0.35,0,0.35,0,0,0,0.35,0,0.35,0,0,0,0,0.124,0,0.372,0,0,1.641,12,110
0,0,0,0,0,0,0,0,0,0,0,0,0,0,0,0,0,0,0,0,0,0,0,0,0,0,0,0,0,0,0,0,0,0,0,0,0,0,0,0,0,0,0,0,0,0,0,0,0,0,0,1.234,0,0,3,5,15
0,0,0,0,0,0,0,0,0,0,0,1.52,0,0,0,0,0,0,0.76,0,0,0,0,0,0,0,0,0,0,0,0,0,0,0,0,0,0,0,0,0,0.76,0,0,0,0,0.76,0,0,0,0.118,0,0,0,0,1.735,10,59
0,0,0,0,0,0,0,0,0,0.42,0,0.42,0,0,0,0,0,0,3.4,0,0.42,0,0,0.42,1.27,0.85,0,0.85,0,0.42,0,0,0,0,0,0,0,0,0,0,0,0,0,0.42,0,0,0,0,0,0.155,0,0,0,0,2.555,11,92
0,0,0,0,0,0,0,0,0,0,0,1.4,0,0,0,0,0.7,0,1.4,0,1.4,0,0,0,0,0,0.7,0,0,0,0.7,0,0,0,0,0,0,0,0,2.11,0,0,0,0,0,0,0,0,0,0.266,0.066,0,0,0,18,200,378
0,0,1.66,0,0,0,0,0,0,0,0,0,0,0,0,0,0,1.66,1.66,0,0,0,0,0,3.33,1.66,0,1.66,0,1.66,1.66,0,0,0,1.66,1.66,0,0,3.33,0,0,0,0,0,0,0,0,0,0,0.167,0,0.167,0,0,1.533,10,46
0,0,0,0,0,0,0,0,0,0,0,0.81,0,0,0,0,0,0,0.81,0,0,0,0,0,2.45,2.45,0,0,0,0,0,0,0,0,0,0,0,0,0,0,0,0,0,0,0,0,0,0,0.12,0.12,0,0,0,0,2.473,11,47
0,0,0,0,0,0,0,0,0,0,0,0,0,0,0,0,0,0,0,0,0,0,0,0,0,0,0,0,0,0,0,0,3.44,0,0,0,0,0,0,0,0,0,0,0,0,0,0,0,0,0,0,0,0,0,1.5,6,66
0.22,0,0.22,0,0.67,0,0,0,0.22,0,0,0,0.22,1.34,0,0,0.44,0,0.67,0,1.56,0,0,0,0.44,0,0,0,0,0,0,0,0,0,0,0,0,0,0,0,0,2.23,0,0,0,0,0,0,0,0.156,0,0.134,0,0.156,3.08,121,693
0,0,0,0,0,0,0,0,0,0,0,0,0,0,0,0,0,0,0,0,0,0,0,0,2,0,0,0,0,0,0,0,0,0,0,1,0,0,0,0,0,0,0,0,0,0,0,0,0,0,0,0.161,0,0,1.25,3,15
0,0,0,0,0.69,0,0,0,0,0,0,0,0,0,0,0,0,0,0.69,0,0,0,0,0,2.08,0.69,0,0,0,0,0,0,0,0,0,0,0.69,0,0,0,0,0,0,0,0,0,0,0,0,0.284,0,0.284,0.094,0,2,11,60
0.2,0,0.1,0,0,0,0,0.1,0,0,0,0.4,0.1,0,0,0,0.2,0,0,0,0,0,0.1,0,4.5,0.1,0,0,0,0,0,0,0.1,0,0,0.1,0.1,0.1,0,0,0,0.6,0,0,0,0,0,0,0.092,0.079,0,0,0.013,0,2.361,26,562
0,0,1.94,0,0,0,0,0,0,0.97,0,0.97,0,0,0,0,0,0,1.94,0,0,0,0,0,0.97,0.97,0,1.94,0,0.97,0,0,0,0,1.94,0,0,0,0,0,0,0.97,0,0,0,0,0,0,0,0.379,0,0,0,0,8.125,75,195
0,0,0,0,0,0,0,0,0,1.23,0,2.46,0,0,0,0,0,0,0,0,0,0,0,0,0,0,0,0,0,0,0,0,0,0,0,0,1.23,0,0,0,0,0,0,0,0,0,0,0,0,0.796,0,0,0,0,2.142,8,60
0.54,0,0.27,0,0,0,0,0,0.27,0.54,0,0.81,0,0,0,0,0,0.27,1.08,0,0.81,0,0,0,0.81,0.81,0,1.08,0,0.54,0,0,0.27,0,1.08,0,0,0,0,0,0,0,0,0,0,0,0.27,0,0.039,0.318,0.079,0,0,0,4.971,76,517
0,0,0,0,0,0,0,0,0,0,0,0,0,0,0,0,0,0,0,0,0,0,0,0,0,0,0,0,0,0,0,0,2.43,0,0,0,0,0,0,0,0,2.43,0,0,0,0,0,0,0,0,0,0,0,0,1.625,6,13
0,0,0,0,0,0,0,0,0,0,0,0,0,0,0,0,0,0,0,0,0,0,0,0,0,0,5,0,0,0,0,0,0,0,0,0,0,0,0,0,0,0,0,5,5,0,0,0,0,0,0,0,0,0,1.125,2,9
0,0,0,0,0,0,0,0,0,0,0,0,0,0,0,0,0,0,0,0,0,0,0,0,0,0,0,0,0,0,0,0,0,0,0,0,0,0,0,0,0,0,0,0,2.5,0,0,0,0,0,0,0,0,0,1.333,3,12
0,0,0,0,0,0.79,0,0,0,0,0,0,0,0,0,0.79,0,0,1.58,0,0,0,0.79,0,0,0,0,0,0,0,0,0,0,0,0,0,0.79,0,0,0,0,0,0,0,0,0,0,0,0.115,0.231,0.347,0.462,0,0,5.793,22,168
0,0,0,0,0,0,1.96,0,0,1.96,0,1.96,0,0,0,0,0,0,3.92,0,1.96,0,0,0,0,0,0,0,0,0,0,0,0,0,0,0,0,0,0,0,0,0,0,0,0,0,0,0,0,0,0,0,0,0,6.166,60,74
0,0,0,0,0,0.79,0,0,0,0,0,0,0,0,0,0,0,0,2.38,0,0,0,0,0,0,0,0,0,0,0,0,0,0,0,0,0,0,0,0,0,0,0,0,0,0,0,0,0,0,0.147,0,0,0,0,2.913,27,67
0,0,0.76,0,0.38,0,0.76,0,0,0,0,0.38,0,0,0,0,0,0.76,1.52,0,0.76,0,0,0,0,0,0,0,0,0,0,0,0,0,0,0,0,0,0,0,0,0,0,0,0,0,0,0,0,0,0,0,0.177,0.059,3.836,79,211
0,0,1.02,0,0.51,0,0,0,0,0,0,0,0,0,0,0.51,0,0,1.53,0,1.53,0,0,0,0,0,0,0,0,0,0,0,0,0,0,0,0,0,0,0,0,0,0,0,0.51,0,0,0,0,0.09,0,0.542,0,0,1.972,19,146
0,0.32,0.8,0,0.32,0,0.16,0,0,0.48,0.16,0,0.16,0,0.16,0.16,0,0.8,0.16,0.16,0.64,0,0,0,0,0,0,0.16,0,0,0,0,0.16,0,0,0,0,0,0,0,0,0,0,0,0,0,0,0,0,0,0,0.271,0.024,0.049,5.709,149,982
0,0,0,0,0,0,0.59,0,0,0,0,1.19,0,0,0,0,0,0.59,4.76,0,1.19,0,0,0.59,0,0,0,0,0,0,0,0,0,0,0,0,0,0,0,0,0,0,0,0,0,0,0,0,0,0,0,0.427,0,0,10,33,170
0,0,0,0,1.6,0,0.4,1.2,0,0.4,0,0.8,0,0,0,0,1.6,0.4,4,0,2,0,0,0,0,0,0,0,0,0,0,0,0,0,0,0,0,0,0,0,0,0,0,0,0,0,0,0,0,0,0,0.706,0.212,0,1.838,13,114
0.41,0,0.41,0,0,0.41,0,0,0,0,0,2.07,0,0,0,0.41,0,0,7.05,0,2.48,0,0.82,0.41,0,0,0,0,0,0,0,0,0,0,0,0,0,0,0,0,0,0,0,0,0,0,0,0,0,0,0,0.97,0.149,0,32.142,335,450
0,0,0.38,0,0.76,0,0.38,0,0,1.14,0,0,0,0,0,0.38,0.76,0,3.04,0,1.52,0,0.38,0,0,0,0,0,0,0,0,0,0,0,0,0,0,0,0,0,0,0,0,0,1.14,0,0,0,0,0.299,0,0.598,0.179,0,4.523,78,285
0,0,0,0,0.4,0.4,0.4,0.4,0,0,0.4,0,0,0,0,0.4,0,0,4,0,2,0,0,0.4,0,0,0,0,0,0,0,0,0,0,0,0,0,0,0,0,0,0,0,0,0,0,0,0,0,0,0,0.121,0,0,1.979,12,95
0,0,0,0,0,0,0,0,0,0,0,0,0,0,0,0,0,0,0,0,0,0,2.53,0,0,0,0,0,0,0,0,0,0,0,0,0,0,0,0,0,0,0,0,0,1.26,0,0,0,0,0.215,0,0.215,0.431,0,4,25,76
0.36,0,1.09,0,0,0,0,0,0,0,0,0.72,1.81,0,0,0,0,0,0.72,0,1.09,0,0,0.72,0,0,0,0,0,0,0,0,0,0,0,0,0,0,0,0,0,0,0,0,0,0,0,0,0.063,0.126,0,0.063,0.126,0,2.562,35,123
0,0,0.62,0,0.62,0,0,0,0,0.62,0,0,0,0,0,0.62,0,0,1.24,0,0.62,0,0,0,0,0,0,0,0,0,0,0,0,0,0,0,0,0,0,0,0,0,0,0,0,0,0,0,0,0.105,0,1.055,0,0,2.033,16,120
0,0,0,0,0.43,0,0,0,0,0.65,0,0,0,0,0,0.43,0,0.21,0.21,0,0.43,6.75,0,0,0.21,0.21,0,0,0,0,0,0,0,0,0,0,0,0,0,0,0,0,0,0,0,0,0,0,0,0,0.073,0.146,0.146,0.183,6.233,99,642
0.14,0.14,0.29,0,0.29,0.29,0,0.29,0,0,0.29,0,0.14,0,0,0.87,0.29,0.43,3.66,0,1.31,0,0,0,0,0,0,0,0,0,0,0,0,0,0,0,0.29,0,0,0,0,0,0,0,0.58,0,0,0,0,0.024,0,0.265,0,0,3.121,38,437
0,0.34,0.68,0,0,0,0.34,0,0,0.34,0,0,0,0,0.34,0.68,0,1.37,1.03,0,1.03,0,0,0,0,0,0,0,0,0,0,0,0,0,0,0,0,0,0,0,0,0,0,0,0,0,0,0,0,0.094,0,0,0,0,3.131,13,119
0.46,0,0.46,0,0,0,0,0.46,0,0,0,1.38,0,0,2.31,0,0.46,0.46,2.77,0,2.31,0,1.38,0,0,0,0,0,0,0,0,0,0,0,0,0,0,0,0,0.46,0,0,0,0,0,0,0,0,0,0.49,0,0.081,0.816,0,3.4,12,102
0,0,0.54,0,0.54,0,0,0,0,0.54,0,0,0,0,0,0.54,0,0,1.64,0,0.54,0,0,0,0,0,0,0,0,0,0,0,0,0,0,0,0,0,0,0,0,0,0,0,0.54,0,0,0,0,0.096,0,1.443,0,0,1.969,16,130
0,0,0,0,0,0.78,0,2.34,0,0.78,0.78,1.56,0,0,0,0,0.78,0,3.12,0,0.78,0,0.78,0,0,0,0,0,0,0,0,0,0,0,0,0,0,0,0,0,0,0,0,0,0,0,0,0,0,0,0,0.889,0,0,2.13,15,49
0,0,0,0,0,0,0,0,0,0,0,0,0,0,0,0,0,0,0,18.18,0,0,0,0,0,0,0,0,0,0,0,0,0,0,0,0,0,0,0,0,0,0,0,0,0,0,0,0,0,0,0,0,0,0,1.1,2,11
0,0.66,0.66,0,0.33,0,0,0,0,0,0,0.66,0,0,0,0.33,0,1.32,2.64,0,1.32,0,0,0,0,0,0,0,0,0,0,0,0,0,0,0,0,0,0,0,0,0,0,0,0.33,0,0,0,0,0.053,0,0.583,0,0,4.024,121,326
0.34,0.25,0.25,0,0.08,0.43,0.08,0.25,0.08,1.46,0.34,0.51,0.94,0,0.17,0.08,0,0,3.01,0,0.77,0.17,0.34,0.34,0,0,0,0,0,0,0,0,0,0,0,0,0,0,0,0,0,0,0,0,0.17,0,0,0,0,0.048,0,0.258,0.258,0.113,5.297,300,694
0.34,0.26,0.26,0,0.08,0.43,0.08,0.26,0.08,1.47,0.34,0.52,0.95,0,0.17,0.08,0,0,3.03,0,0.78,0,0.34,0.34,0,0,0,0,0,0,0,0,0,0,0,0,0,0,0,0,0,0,0,0,0.17,0,0,0,0,0.048,0,0.259,0.259,0.064,3.335,62,537
0,1.12,0.56,0,0.56,0.56,1.12,1.12,0,0,0.56,2.25,0,0,0,2.25,0,1.12,2.25,0,2.82,0,0.56,0,0,0,0,0,0,0,0,0,0,0,0,0,0,0,0,0,0,0,0,0,0,0,0,0,0,0,0,0,0,0,1.416,5,51
0,0.8,0,0,0.8,0,0,0,0,0.8,0,0.8,0,0,0,1.61,0,0.8,0.8,0,2.41,0,0,0,0,0,0,0,0,0,0,0,0,0,0,0,0,0,0,0,0,0,0,0.8,0,0,0,0,0,0,0,1.192,0,0,1.463,12,101
0,0.29,0.87,0,0.29,0,0.14,0,0,0.43,0.14,0,0.14,0,0.14,0.14,0,0.72,0.43,0.14,0.58,0,0,0,0,0,0,0,0,0,0,0,0,0,0,0,0,0,0,0.14,0,0,0,0,0,0,0,0,0,0,0,0.585,0.046,0.046,5.02,132,979
0.53,0,1.07,0,0.53,0,1.07,0,0,0,0,0.53,0,0,0,0.53,0.53,0,4.3,0,1.07,0,1.61,0,0,0,0,0,0,0,0,0,0,0,0,0,0,0,0,0,0,0,0,0,0.53,0,0,0,0,0,0,1.183,0.253,0,5.454,68,180
0,0,0.39,0,1.17,0,0,0,0,0.78,0,0.39,0,0,0,0.39,0.78,0,2.73,0,1.17,0,0.39,0,0,0,0,0,0,0,0,0,0,0,0,0,0,0,0,0,0,0,0,0,1.17,0,0,0,0,0.062,0,0.869,0.186,0,4,78,256
0,0,0.55,0,0.55,0,0,0,0,0.55,0,0,0,0,0,0.55,0,0,1.67,0,0.55,0,0,0,0,0,0,0,0,0,0,0,0,0,0,0,0,0,0,0,0,0,0,0,0.55,0,0,0,0,0.099,0,0.893,0,0,2.122,16,121
0,0,0.76,0,0.76,0,0,0,0,0,0,0,0,0,0,0,0,0,0.76,0,0,0,0,0,0.76,0,1.52,0.76,0.76,1.52,0.76,0.76,0,0.76,0.76,0.76,0.76,0,0,0.76,0,0.76,0,0,2.29,0,0,0,0,0.254,0,0.127,0,0,1.755,11,79
0,0,0,0,0,0,0,0,0,0.75,0,0,0,0,0,0,0,0,0,0,0,0,0,0,0,0,0.75,0,0.75,0,0,0,0.75,0,0,0,0,0,0,0,0,0,0,0,0,0,0,0,0,0.8,0.133,0,0,0.133,4.472,33,161
0.39,0.39,0,0,0.39,0,0,0,0,0.39,0,1.19,0,0.39,0,0,0,0,1.19,0,0,0,0,0,2.77,1.98,1.19,1.19,0.39,0.39,0.39,0.39,0,0.39,1.19,0.39,0.39,0,0,0.39,0,0.39,0.39,0,0.39,0,0,0,0.125,0.377,0.439,0,0,0,2.238,13,141
0,0,0,0,0,0,0,0,0,0,0,0,0,0,0,0.58,0,0,0,0,0,0,0,0,0,0,1.46,0.29,0,0.58,0,0,0,0,0,0,0.58,0,0,0,0,0,0,0,0,0,0,0,0,0.018,0,0,0,0,251,1488,1506
0,0,0,0,0,0,0,0,0,0.55,0,0.55,0,0,0,0,0,0,1.11,0,0.55,0,0,0,2.77,2.22,1.11,0.55,0.55,0.55,0.55,0.55,0.55,0.55,0.55,0.55,1.66,0,0.55,0.55,0,0,1.11,0,1.11,0,0,0,0,0.603,0.086,0,0,0,2.113,13,167
0,0,0,0,0,0,0,0,0,0,0,0.9,0,0,0,0,0,0.6,0.6,0,0.6,0,0,0,0,0.3,0,0,0,0,0,0,0,0,0,0,0,0,0,0,0,0,0,0,0,0,0,0,0,0.173,0,0,0.129,0,3.266,31,196
0,0,0,0,0,0,0,0,0,0.65,0,0,0,0,0,0,0,0,0,0,0.65,0,0,0,0,0,0.65,0,0.65,0,0,0,0.65,0,0,0,0,0,0,0,0,0,0,0,0,0,0,0,0,0.327,0.109,0,0,0.109,3.857,28,162
0,0,0.87,0,0.87,0,0,0,0,0.87,0,0,0,0,0,0,0,0,0,0,0.87,0,0,0,1.75,0.87,2.63,0,0,0,0,0,0,0,0,0,0.87,0,0,0,0,0,0.87,0,0.87,0,0,0,0,0.283,0.141,0,0,0,1.785,15,75
0,0,0,0,0,0,0,0,0,0,0,1.58,0,0,0,0,0,0,0,0,0,0,0,0,0,0,0,0,0,0,0,0,1.58,0,0,0,1.58,0,0,0,0,0,0,0,0,0,0,0,0,1.182,0,0,0,0,2.057,13,72
0,0,0.28,0,0,0,0,0,0,0,0,0,0,0,0,0,0,0,1.4,0,0.56,0,0,0,3.37,1.4,0.28,0.28,0.28,0.28,0.28,0.28,0,0.28,0.28,0.28,0.56,0,0,0.28,0,0.28,0.56,0,0.28,0,0,0,0,0.14,0.093,0,0,0,2.464,15,207
0,0,0.61,0,0,0,0.61,0,0,0,0,0,0,0,0,0,1.23,1.85,2.46,0,1.23,0,0,0,0,0,0,0,0,0,0,0,0,0,0,0,0,0,0,0,0,0,0,0,0,0,0,0,0,0.176,0,0.353,0,0,2.25,13,81
0.22,0.22,0.22,0,1.77,0.22,0.44,0.44,0.22,2.88,0,0.88,0.22,0,1.11,0.44,0,0.44,3.33,0,3.33,0,0.44,0.44,0,0,0,0,0,0,0,0,0,0,0,0,0,0,0,0.44,0,0,0,0,0,0,0,0,0,0,0,0.563,0.15,0,86.65,1038,1733
0,0,0,0,0,0,1.33,0,0,0,0,0,0,0,0,0,0,0,1.33,0,5.33,0,0,0,0,0,0,0,0,0,0,0,0,0,0,0,0,0,0,0,0,0,0,0,0,0,0,0,0,0,0,0.202,1.417,0,29.125,223,233
0.54,0,1.08,0,0.54,0,1.08,0,0,0,0,0.54,0,0,0,0.54,0.54,0,4.32,0,1.08,0,1.62,0,0,0,0,0,0,0,0,0,0,0,0,0,0,0,0,0,0,0,0,0,0.54,0,0,0,0,0,0,1.182,0.253,0,5.454,68,180
0.07,0.02,0.15,0,0.25,0.2,0,0.02,0.15,0,0,0.25,0.25,0.07,0,0.05,0.22,0,0.05,0,0.02,0,0.37,0.02,0,0,0,0,0.02,0,0,0,0,0,0,0.05,0.3,0.02,0,0.02,0,0,0.02,0,0.02,0,0,0,0.011,0.022,0,0,0.022,0,1.423,20,965
0,0,0.48,0,0.96,0,0,0,0.48,0,0,0,0,0,0,0.96,0.96,0,1.44,0,0.48,0,0.96,0,0,0,0,0,0,0,0,0,0,0,0,0,0,0,0,0,0,0,0,0,0.48,0,0,0,0,0.133,0.066,0.468,0.267,0,3.315,61,242
0,0,0.18,0,0.18,0,0,0,0.54,0.36,0.36,0.9,0,0.36,0,0.72,0,0.18,2.7,0.18,0.72,0,0,0.54,0,0,0,0,0,0,0,0,0,0,0,0,0,0.36,0,0,0,0,0.18,0,0,0,0,0,0,0,0,0.633,0.063,0,9.043,363,841
0.19,0.19,0.39,0,0.19,0,0,0.59,0,0,0,0.39,0,0,0,0.59,0.39,1.37,4.52,0,3.14,0,0,0.19,0,0,0,0,0,0,0,0,0,0,0,0,0.19,0,0,0,0,0,0,0,0,0,0,0,0,0,0,0.258,0.032,0,3.112,43,305
0,0,0.16,0,0.33,0,0.16,0,0.5,0,0.16,0,0,0,0,0.5,0,1.5,0.66,0,0,0,0,0,0.33,0,0,0,0,0,0,0,0,0,0,0,0,0,0,0,0,0,0,0,0,0,0,0,0,0.088,0,0.884,0.752,0.022,5.328,47,1087
0,0,1.1,0,0.55,0,0,0,0,0.55,0,0,0,0,0,0.55,0,0,2.2,0,1.1,0,0,0,0,0,0,0,0,0,0,0,0,0,0,0,0,0,0,0,0,0,0,0,0.55,0,0,0,0,0.097,0,0.683,0,0,2.338,19,145
0,0,0,0,0,0,0,0,0,0.5,0,0,0,0,0,0,0,0,0,0,0,0,0,0,0,0,0.5,0,0.5,0,0,0,0.5,0,0,0,0,0,0,0,0,0,0,0,0,0,0,0,0,0.505,0.168,0,0,0.084,4.068,28,236
0,0,0,0,0.35,0,0,0,0,0.35,0,0,0,0,0,0,0,0,2.1,0,0.7,0,0,0,2.8,1.05,1.4,0.35,0.35,0.35,0.35,0.35,0,0.35,0.35,0.35,0.7,0,0,0.35,0,0,0.7,0,0.7,0,0,0,0,0.233,0.116,0,0,0,1.746,13,145
0,1.36,0.9,0,0,0,0,0,0,1.81,0,0.45,0,0,0,0,0,1.81,0,0,3.18,0,0,0,0.45,0,0,0,0,0,0,0,0.9,0,0,0,0,0,0,0,0,0,0,0,0,0,0,0,0,0.199,0,0,0,0,3.382,53,159
0,0,0,0,0.67,0,0,0,0,0.67,0,0.67,0,0,0,0,0,0,0.67,0,0,0,0,0,4.05,4.05,0,2.02,0,0,0,0,0,0,0.67,0,0.67,0,0,0,0,0,0,0,0,0,0,0,0,0.613,0,0,0,0,2.976,24,128
0,0,0,0,0,0,0,0,0,0.76,0,0,0,0,0,0,0,0,0,0,0.76,0,0,0,0,0,0.76,0,0.76,0,0,0,0.76,0,0,0,0,0,0,0,0,0,0,0,0,0,0,0,0,0.123,0.123,0,0,0.123,3.7,28,148
0,0,0,0,0,0,0,0,0,0,0,0,0,0,0,0,0,0,3.84,0,0,0,0,0,0,0,0,0,0,0,0,0,0,0,0,0,0,0,0,0,0,0,0,0,0,0,0,0,0,0,0,0,0,0,1,1,6
0.2,0,0.2,0,0.2,0,0,0,0,0,0,1,0.2,0,0,0,0,0.2,0.4,0,0,0,0,0,2.61,1.2,0,0.4,0,0,0,0,0.8,0,0.4,0,0.8,0,0,0,0,0,0,0,0,0.2,0,0,0.061,0.462,0.061,0,0,0,2.61,24,308
0.34,0,0,0,0,0,0,0,0.34,0.68,0,1.02,0,0,0,0,0,0,1.36,0,0.68,0,0,0,2.38,1.7,0.68,1.7,0.68,0.34,0.34,0.34,0,0.34,0.34,0.34,0.68,0,0.68,0.34,0,0,0.68,0,0.34,0,0,0,0.052,0.42,0.052,0,0,0.052,2.604,13,250
0,0,0,0,0,0,0,0,0,0,0,0,0,0,0,0,0,0,0,0,0,0,0,0,0,0,0.47,0,0.47,0,0,0,0.47,0,0,0,0,0,0,0,0,0,0,0,0,0,0,0,0,0.074,0.298,0,0,0.074,4.268,28,286
0,0,0,0,0,0,0,0,0,0,0,0,0,0,0,0,0,0,0.68,0,0.34,0,0,0,5.86,2.75,1.37,0.68,0.68,0.68,0.68,0.68,0,0.68,0.68,0.68,0.68,0,0.34,0.68,0,0,0.68,0,0.68,0,0,0,0.11,0.276,0.11,0.055,0.055,0,2.87,15,244
0,0,0,0,0,0,0,0,0,0,0,0,0,0,0,0,0,0,1.29,0,0.64,0,0,0,0,0,0,0,0,0,0,0,0,0,0,0,0,0,0,0,0,0,0,0,0,0,0,0,0,0,0,0,0,0,1.103,3,32
0,0,0.42,0,0,0,0,0,0,0,0,0.85,0,0,0,0.85,0,0.85,4.7,0,0.85,5.55,0,0,0,0,0,0,0,0,0,0,0,0,0,0,0.42,0,0,0,0,0,0,0,0,0,0,0,0,0.082,0,0,0.082,0.248,7.17,42,294
0,0.55,0.55,0,1.11,0.55,2.23,0,0,0.55,0,0.55,0,0,0,0,0,0.55,3.35,0,1.11,0,0,0,0,0,0,0,0,0,0,0,0,0,0,0,0,0,0,0,0,0,0,0,0.55,0,0,0,0,0.159,0,0.479,0,0.079,16.739,147,385
0,0,0.32,0,0.65,0.65,0.32,0.32,0,0,0,0.32,0.32,0,0,0.32,0.32,0,2.28,0,3.26,0,0,0.32,0,0,0,0,0,0,0,0,0,0,0,0,0,0,0,0,0,0,0,0,0.32,0,0,0,0,0.105,0,0,0.158,0,1.494,10,139
0,0,1.43,0,0.71,0,0,0.71,0,0.71,0,0,0,0,0,0,2.87,2.87,1.43,0,3.59,0,0,0,0,0,0,0,0,0,0,0,0,0,0,0,0,0,0,0,0,0,0,0,0,0,0,0,0,0,0,0.937,0,0,11.888,116,214
0,0,0,0,0,0,1.07,0,0,0,0,0,0,0,0,2.15,0,0,0,0,2.15,0,0,0,0,0,0,0,0,0,0,0,0,0,0,0,0,0,0,1.07,0,0,0,0,0,0,0,0,0,0,0,0.145,0.437,0.291,1.823,10,62
0,0,0,0,0,0,0,0,0,0,0,0,0,0,0,0,0,0,0.39,0,0.39,0,0,0,3.58,0.39,0,0,0,0.39,0,0,0,0,0,0,0,0,0,0,0,0,0,0.39,0.39,0,0,0,0,0,0,0,0,0,2.5,21,130
0.08,0.16,0.32,0,1.38,0.16,0.08,0,0.24,0.08,0,1.3,0,0.08,0,0.48,0.08,0.08,3.5,0,0.73,0,0.08,0.16,0,0,0,0,0,0,0,0,0,0,0.08,0,0,0,0,0,0,0,0,0,0,0,0,0,0,0.085,0.061,0.39,0.097,0.012,5.594,119,1561
0.48,0.2,0.55,0,0.27,0.2,0,0.27,0.27,0.97,0.41,1.04,0.13,0,0,1.11,0.69,0.06,2.37,0,1.04,0,0.06,0.69,0,0,0,0,0,0,0,0,0,0,0,0,0,0,0,0.06,0,0,0,0,0.13,0,0,0,0,0.105,0,0.75,0.305,0,3.401,94,966
0,0,1.42,0,0.71,0,0,0.71,0,0.71,0,0,0,0,0,0,2.85,2.85,1.42,0,3.57,0,0,0,0,0,0,0,0,0,0,0,0,0,0,0,0,0,0,0,0,0,0,0,0,0,0,0,0,0,0,0.931,0,0,12.055,117,217
0,0,0.33,0,0.99,0.99,0.33,0.33,0,0,0,0.33,0.33,0,0,0.33,0.33,0,1.98,0,3.3,0,0,0.33,0,0,0,0,0,0,0,0,0,0,0,0,0,0,0,0,0,0,0,0,0.33,0,0,0,0,0.108,0,0,0.162,0.054,2.195,50,202
0,0,0.33,0,0.99,0.99,0.33,0.33,0,0,0,0.33,0.33,0,0,0.33,0.33,0,1.98,0,3.3,0,0,0.33,0,0,0,0,0,0,0,0,0,0,0,0,0,0,0,0,0,0,0,0,0.33,0,0,0,0,0.107,0,0,0.161,0.053,2.195,50,202
0,0,0,0,1.11,0,0,0,0,0,0,0,0,0,0,0,0,0,2.22,0,3.33,0,0,0,0,0,0,0,0,0,0,0,0,0,0,0,0,0,0,0,0,0,0,0,0,0,0,0,0,0,0,0.784,0,0,5.687,39,91
0.14,0.14,0.29,0,0,0,0,0,1.17,0.29,0.14,0.58,0,0,0,0.14,0,0.14,2.35,0.14,0.88,0,0,0.44,0,0,0,0,0,0,0,0,0,0,0,0,0,0.29,0,0,0,0,0,0,0,0,0,0,0,0.204,0,0.204,0.127,0.102,2.962,73,400
0.25,0.25,0,0,0.75,0,0,0,0.25,0.75,0,1.51,0,1.26,0,0,0.5,0,3.29,0,1.01,0,0,0,0,0,0,0,0,0,0,0,0.25,0,0,0,0,0,0,0,0,0,0,0,0,0,0,0,0,0.082,0,0.041,0.124,0.124,3.181,32,210
0,0.17,0,0,0,0,0.17,0.52,0,0.17,0.35,0.52,0,0,0,0,0.17,0.7,0.88,0,0.7,1.93,0.35,0,0,0,0,0,0,0,0,0,0,0,0,0,0,0,0,0,0,0,0,0,0,0,0,0,0.028,0.143,0.028,0.085,0.057,0.229,3.564,39,417
0,0.57,0.57,0,1.14,0.57,2.28,0,0,0.57,0,0.57,0,0,0,0,0,0.57,3.42,0,1.14,0,0,0,0,0,0,0,0,0,0,0,0,0,0,0,0,0,0,0,0,0,0,0,0.57,0,0,0,0,0.081,0,0.487,0,0.081,16.217,147,373
0,1.63,0,0,0,0,3.27,0,0,0,0,0,0,0,0,1.63,1.63,0,0,0,1.63,0,0,0,0,0,0,0,0,0,0,0,0,0,0,0,1.63,0,0,0,0,0,0,0,0,0,0,0,0,0.36,0,0.54,0.18,0.18,14.818,140,163
0,0,0.14,0,0.29,0,0.14,0,0.58,0,0.29,0,0,0,0,0.87,0,1.46,0.58,0,0,0,0,0,0,0,0,0.43,0,0,0,0,0,0,0,0,0.29,0,0,0,0,0,0,0,0,0,0,0,0,0.08,0,0.764,0.784,0.02,4.979,45,1200
0,0.38,0.76,0,0.38,0,0.19,0,0,0.57,0.19,0,0.19,0,0.19,0.19,0,0.95,0.19,0.19,0.95,0,0,0,0,0,0,0,0,0,0,0,0,0,0,0,0,0,0,0.19,0,0,0,0,0,0,0,0,0,0,0,0.632,0.03,0.09,6.789,132,869
0,0,0,0,0,0,0,0,0.91,0,0,0,0,0,0,0,0,0,0.91,0,2.75,0,0,0,0,0,0,0,0,0,0,0,0,0,0,0,0,0,0,0,0,0,0,0,0,0,0,0,0,0.132,0,0.531,0,0,2.9,28,87
0,0,0.15,0,0.3,0,0.15,0,0.61,0,0.3,0,0,0,0,0.92,0,1.53,0.61,0,0,0,0,0,0,0,0,0,0,0,0,0,0,0,0,0,0.3,0,0,0,0,0,0,0,0,0,0,0,0,0.083,0,0.732,0.753,0.02,5.058,45,1128
0,0,0.85,0,0.42,0,0,0,0,0,0,0,0,0,0,0.42,0,0,2.14,0,1.28,0,0,0,0,0,0,0,0,0,0,0,0,0,0,0,0,0,0,0,0,0,0,0,0.42,0,0,0,0,0.159,0,1.117,0,0,1.206,7,117
0.35,0,0.35,0,0.35,0.7,0.35,1.41,0,0,0.35,1.06,0,0,0,0.7,1.06,0,5.3,2.82,2.82,0,0,0,0,0,0,0,0,0,0,0,0,0,0,0,0,0,0,0,0,0,0,0,0.35,0,0,0,0,0,0,0.411,0,0,2.917,60,213
0,0,0,0,1.29,0.43,0.43,0,0,0,0,0,0.43,0,0,0.43,0.43,0.43,1.72,0,0.86,0,0,0,0,0,0,0,0,0,0,0,0,0,0,0,0,0,0,0,0,0,0,0,0,0,0,0,0,0.129,0,0.129,0,0,5.8,46,116
0,0.11,0.23,0,0.58,0.34,0.11,0,0.34,0,0.23,0.92,0.46,0,0,0.46,0.23,0.34,0.58,0,0.58,0,0.11,0,0,0,0,0,0,0,0,0,0,0,0,0,0,0,0,0,0,0,0.11,0,0,0,0,0,0.075,0.037,0,0.322,0.094,0.018,2.576,48,389
0,0,0,0,0,0,0,0,0,0,1.23,1.23,0,0,0,0,0,0,2.46,0,0,0,0,0,0,0,0,0,0,0,0,0,0,0,0,0,0,0,0,0,0,0,0,0,0,0,0,0,0,0,0,1.284,0,0,1.357,5,19
0,0.62,1.24,0,0.31,0,0,0,0,0,0,0.62,0,0,0,0.31,0,1.24,2.49,0,1.24,0,0,0,0,0,0,0,0,0,0,0,0,0,0,0,0,0,0,0,0,0,0,0,0.31,0,0,0,0,0.05,0,1.152,0,0,4.592,121,349
0,0,0,0,0,0,0,0,0,0,0,0,0,0,0,0,0,0,0,0,0,0,0,0,0,0,0,0,0,0,0,0,0,0,0,0,0,0,0,0,0,0,0,0,0,0,0,0,0,0,0,0,0,0,1.266,4,19
0,0,0,0,0,0,0,0.67,0,0.67,0,0,0,0,0,0,0,0,0,0,0,0,0,0,0,0,0,0,0,0,0,0,0,0,0,0,1.34,0,0,0,0,0,0,0,0,0,0,0,0.17,0.511,0.085,0.511,0,0,4.617,27,217
0,0,3.84,0,0,0,0,0,0,0,0,0,0,0,0,0,0,0,3.84,0,0,0,0,0,0,0,0,0,0,0,0,0,0,0,0,0,3.84,0,0,0,0,0,0,0,0,0,0,0,0,0,0,0,0,0,1.727,5,19
0,0,0,0,0,0.8,0,0,0,0,0,1.61,0,0,0,0,0,0,0.8,0,0.8,0,0,0,0.8,0,0,0,0,0,0,0,0,0,0,0,0,0,0,0,0,0,0,0,0,0,0,0,0,0.417,0,0.139,0,0,1.411,5,24
0,0,0,0,1.69,0,0,0,0,0,0,1.69,0,0,0,0,0,0,1.69,0,1.69,0,0,0,0,0,0,0,0,0,0,0,0,0,0,0,0,0,0,0,0,0,0,0,1.69,0,0,0,0,0,0,0.552,0,0,1.461,4,19
0,0,0,0,0,0,0,0,0,0,0,1.6,0,0,0,0,0,0,0,0,0,0,0,0,9.62,0,0.53,0,0,0,0,0,2.13,0,0,0,1.06,0,1.6,0,0,0.53,1.06,0,1.06,0,0,0,0.425,0,0.17,0,0,0,2.567,15,172
0,0,0,0,0,0,0,0,0,0,0,0,0,0,0,0,0,0,1.7,0,0.85,0,0,0,0.85,0,0,0,0,0,0,0,0.85,0,0,0,0,0,0,0,0,0.85,0,0.85,0,0,0,0,0,0,0.138,0,0,0,1.228,4,43
0,0,0,0,0,0,0,0,0,0,0,0,0,0,0,0,0,0,0,0,0,0,0,0,0,0,16.66,0,0,0,0,0,0,0,0,0,0,0,0,0,0,0,0,0,0,0,0,0,0,0,0,0,0,0,1.25,2,5
0,0,0,0,0,0,0,0,0,0.54,0,0,0,0,0,0,0,0,1.62,0,0,0,0,0,1.62,1.08,1.08,1.62,0.54,0.54,0.54,0.54,0,0.54,0.54,0.54,0.54,0,0,0.54,0,0,0.54,0,0.54,0,0,0,0,0.559,0,0,0,0,3.039,13,155
0,0,0,0,0,0,0,0,0,2.56,0,0,0,0,1.28,0,0,0,0,0,0,0,0,0,3.84,3.84,0,0,0,0,0,0,2.56,0,0,0,1.28,0,0,0,0,0,1.28,0,0,0,0,0,0,0.194,0.194,0,0,0,3.631,17,69
0,0,0,0,0,0,0,0,0,4.34,0,2.17,0,0,0,0,0,0,0,0,0,0,0,0,0,0,0,0,0,0,0,0,0,0,0,0,0,0,0,0,0,0,0,0,0,0,0,0,0,0,0,0,0,0,1,1,7
0,0,0,0,0,0,0,0,0,0,0,0,0,0,0,0,0,0,0,0,0,0,0,0,0,0,20,0,0,0,0,0,0,0,0,0,0,0,0,0,0,0,0,0,0,0,0,0,0,0,0,0,0,0,1,1,5
0,0,1.29,0,0,0,0,0,0,0,0,1.29,0,0,0,0,0,0,1.29,0,5.19,0,0,1.29,0,0,0,0,0,0,0,0,0,0,0,0,0,0,0,0,0,0,0,0,0,0,0,0,0,0,0,0,0.198,0,4.23,25,55
0.65,0,0.65,0,1.3,0,0,0,0,0,0,0.65,0,0,0,1.3,0.65,0,1.96,0,2.61,0,0.65,0,0,0,0,0,0,0,0,0,0,0,0,0,0,0,0,0,0,0,0,0,0,0,0,0,0,0,0,0.834,0.463,0,2.44,22,122
0.64,0,0.64,0,1.93,0,0,0,0,0,0,1.29,0,0,0,1.29,0.64,0,1.93,0,2.58,0,0.64,0,0,0,0,0,0,0,0,0,0,0,0,0,0,0,0,0,0,0,0,0,0,0,0,0,0,0,0,0.462,0.37,0,2.44,22,122
0,0,0.73,0,0.36,0,0,0,0,0,0,0.73,0,0,0,0.36,0.73,0,1.09,0,1.46,0.36,0.36,0,0,0,0,0,0,0,0,0,0,0,0,0,0,0,0,0.36,0,0,0,0,0,0,0,0,0,0,0,0.604,0.181,0,3.787,58,356
0,0,0,0,0,0,0,0,0,0,0,0,0,0,0,1.28,0,0,3.84,0,3.84,0,0,0,0,0,0,0,0,0,0,0,0,0,0,0,0,0,0,0,0,0,0,0,1.28,0,0,0,0,0,0,0.23,0.23,0,5.538,41,72
0,0,0.32,0,0.65,0.65,0.32,0.32,0,0,0,0.32,0.32,0,0,0.32,0.32,0,2.28,0,3.25,0,0,0.32,0,0,0,0,0,0,0,0,0,0,0,0,0,0,0,0,0,0,0,0,0.32,0,0,0,0,0.105,0,0,0.158,0,1.494,10,139
0.18,0,0.18,0,1.57,0.36,0.06,0.06,0.06,0.12,0.06,0.54,0.3,0.06,0,0,0.72,0.06,4.49,0.24,1.09,0,0.85,0.06,0,0,0,0,0,0,0,0,0,0,0,0,0,0,0,0,0,0,0.06,0,0.06,0,0,0,0.01,0.052,0,0.01,0.167,0,1.736,12,441
0,0,0,0,0,0,1.16,0,0,0,0,0,0,0,0,4.65,2.32,0,3.48,0,0,0,0,0,0,0,0,0,0,0,0,0,0,0,0,0,0,0,0,0,0,0,0,0,0,0,0,0,0,0,0,0,0,0,1,1,21
0,0,0,0,0,0,1.25,0,0,0,0,0,0,0,0,6.25,0,0,3.75,0,0,0,0,0,0,0,0,0,0,0,0,0,0,0,0,0,0,0,0,0,0,0,0,0,0,0,0,0,0,0,0,0,0,0,1,1,19
0,0,0,0,0,0,0,0,0,0,0,0,0,0,0,0,0,0,0,0,0,0,0,0,0,0,0,0,0,0,0,0,0,0,0,0,0,0,0,0,0,0,0,0,0,0,0,0,0,0,0,5,0,0,1,1,2
0,0,0,0,0,0,0,0,0,0,0,0,0,0,0,0,0,0,1.16,0,0,0,0,0,0,0,1.16,0,0,0,0,0,0,0,0,0,0,0,0,0,0,0,0,0,1.16,0,0,0,0,0,0,1.458,0,0,1.066,2,16
0.09,0,0.09,0,0,0.09,0,0.09,0.87,0,0,0.29,0,0,0,0,0,0,0.38,0,0.19,0,0,0,0.58,0.68,0.09,0,0,0,0,0,0.29,0,0,0,0,0,0,0,0,0,0,0,0,0,0,0,0.173,0.173,0.053,0,0.026,0,3.704,48,726
0.05,0,0.15,0,0.05,0.05,0,0,0.52,0,0,0.15,0,0,0.05,0,0,0.05,0.31,0,0.15,0,0,0,0.78,0.83,0.05,0,0,0,0,0,0.47,0,0,0,0,0,0,0,0,0,0.05,0.1,0.1,0,0,0,0.223,0.162,0.084,0,0.015,0,2.725,38,1150
0.6,0,0,0,0.91,0,0,0,0,0,0,0.91,0.6,0,0,0,0,0,1.21,0,1.82,0,0,0,0.3,0.3,0,0,0,0,0,0,0,0,0,0,0.6,0,0,0,0,0.91,0,0,0.3,0,0,0.3,0.088,0.044,0,0.044,0,0,2.222,22,120
0,0,0,0,0,0,3.07,0,0,0,0,0,0,0,0,0,0,0,3.07,0,0,0,0,0,0,0,0,0,0,0,0,0,0,0,0,0,0,0,0,0,0,0,0,0,0,0,0,0,0,0,0,0.251,0,0,3.214,12,45
0,0,0,0,0,0,0,0,0,0,0,0,0,0,0,0,0.6,0,0,0,0,0,0,0,0,0,0,0,0,0,0,0,0,0,0,1.8,0,0,0,0,0,0,0,0,0,0.6,0,0,0,0.088,0,0,0,0,1.607,4,45
0,0,0,0,0,0,0,0,0,0,0,0,0,0,0,0,0,0,0,0,0,0,0,0,0,0,0.09,0,0.19,0,0,0,0.09,0,0,0,0,0,0,0.09,0,0,0,0,0,0,0,0,0,0.046,0.341,0,0,0.031,4.413,28,1399
0,0,0,0,0,0,0,0,0,0,0,0,0,0,0,0,0,0.84,0,0,0,0,0,0,2.54,2.54,0,1.69,0,0,0,0,0,0,1.69,0,0,0,0.84,0,0,0,0,0,0.84,0,0,0.84,0,0.123,0,0.123,0,0.371,5.515,34,182
0,0,0,0,0,0,0,0,0,0,0,0,0,0,0,0,0,1.66,0,0,0,0,0,0,1.66,1.66,0,3.33,0,0,0,0,0,0,3.33,0,0,0,0,0,0,0,0,0,0,0,0,1.66,0,0,0,0,0,0.53,4.052,22,77
0,0,0.47,0,0,0,0,0,0,0,0,0,0,0,0,0,0,0,1.42,0,0.94,0,0,0,0.47,0.47,0,0,0,0,0,0,0,0,0,0,0,0,0,0,0,0,0,0,0.94,0,0,0,0,0.079,0,0,0,0,2.315,17,88
0,0,0,0,0,0,0,0,0,0,0,0,0,0,0,0,0,0,0,0,0,0,0,0,5.71,2.85,0,0,0,0,0,0,0,0,0,0,0,0,0,0,0,0,0,0,0,0,0,0,0,0,0,0,0,0,1.25,2,10
0,0,0,0,0,0,0,0,0,0,0,0,0,0,0,0,0,0,0,0,0,0,0,0,2.22,0,0,4.44,2.22,0,0,0,0,0,4.44,0,0,0,0,0,0,2.22,0,0,0,0,0,0,0,0,0,0,0,0,3.578,20,68
0,0,1.96,0,0,0,0,0,0,0,0,3.92,0,0,0,0,0,0,0,0,0,0,0,0,1.96,3.92,0,0,0,1.96,0,0,0,0,0,0,0,0,0,0,0,0,0,0,0,0,0,0,0,0.476,0,0,0,0,2.318,25,51
0,0,0,0,0,0,0,0,0,0,0,0,0,0,0,0,0,0,0,0,0,0,0,0,8.69,0,0,0,0,0,0,0,0,0,0,0,4.34,0,0,0,0,1.44,1.44,0,1.44,0,0,0,0,0,0.222,0,0,0,5.357,28,150
0.08,0.17,0.17,0,0.8,0.08,0,0.26,0,0,0,3.39,0.17,0,0,0.08,0,0,0,0,0,0,0,0,2.68,0,0,0,0,0,0,0,0,0,0,0.35,0.08,0,0,0,0,0.08,0.08,0,0,0,0,0,0.023,0.046,0,0,0.023,0,2.658,57,436
0,0,0,0,0,0,0,0.82,0,0,0,0.82,0,0,0,0,0,0,0,0,0,0,0,0,0,0,0,0,0.41,0,0,0,0,0,0,0,0.41,0,0,0,0,0,0,0,0.41,0,0,0.41,0,0,0,0,0,0,1.394,12,53
0,0,0.91,0,0,0,0,0,0,0,0,1.83,0,0,0,0,0,0.91,1.83,0,0,0,0,0,1.83,0.91,0,0.91,0,0.91,0.91,0,0,0,0.91,0.91,0,0,0,0,0,0,0,0,0,0,0,0,0,0.232,0,0.116,0,0,1.619,10,68
0.22,0,0.22,0,0.45,0,0,0,0.22,0,0,0,0,1.35,0,0,0.22,0,0,0,0.67,0,0,0,0.67,0,0,0,0,0,0,0,0,0,0,0,0.45,0,0,0,0,2.02,0,0,0.22,0,0,0,0,0.042,0,0.063,0,0.232,3.133,121,749
0,0,0,0,0,0,0,0,0,0,0,0,0,0,0,0,0,0,0,0,0,0,0,0,0,0,0,0,0,0,0,0,0,0,0,0,0,0,0,0,0,0,0,10,0,0,0,0,0,0,0,0,0,0,1.4,3,7
0,0,0,0,0.51,0,0,0,0,0,0,3.09,0,1.03,0,0,0.51,0,0,0,0,0,0,0,1.03,0.51,0,0,0,0.51,0,0,2.06,0,0,0,0,0,0,0,0,0,0,2.57,0,0,0,0,0,0,0,0,0,0,1.586,6,92
0,0,0.32,0,0.65,0.65,0.32,0.32,0,0,0,0.32,0.32,0,0,0.32,0.32,0,2.28,0,3.25,0,0,0.32,0,0,0,0,0,0,0,0,0,0,0,0,0,0,0,0,0,0,0,0,0.32,0,0,0,0,0.105,0,0,0.158,0,1.494,10,139
0,0,0,0,7.69,0,0,0,0,0,0,0,0,0,0,0,0,0,0,0,0,0,0,0,0,0,0,0,0,0,0,0,0,0,0,0,0,0,0,0,0,0,0,0,0,0,0,0,0,0.588,0,0,0,0,1,1,6
0,0.02,0.05,0,0.02,0,0,0.05,0,0.35,0,0.02,0,0,0,0.05,0.1,0.38,0.07,0.2,0.17,0,0,0,0.02,0,0,0,0,0,0,0,0,0,0,0,0,0,0,0,0,0,0,0,0,0,0,0,0,0.004,0,0.107,0.017,0.017,3.922,489,3271
0.2,0.81,0.61,0,0,0,0,0,0.2,0,0,0.4,0,0,0,0.2,0,0,0.2,0,0.2,0,0,0.4,0,0,0,0,0,0,0,0,0,0,0,0,0,0,0,0,0,0,0,0,0,0,0,0,0,0,0,0.831,0.338,0.03,1102.5,2204,2205
0,0,0,0,0.45,0,0,0,0,0,0,0,0,0,0,0,0,0,0,0,0,0,0,0,0,0,0,0,0,0,0,0,0,0,0,0,0,0,0,0,0,0,0,0,0,0,0,0,0,0,0.076,0.153,0,0,3.317,11,136
0.35,0.46,0.31,0,0.15,0.03,0,0.35,0.58,0.66,0.31,0.7,0.62,1.28,0.03,0.23,0.42,0,3.12,0,1.36,0,0.46,0.46,0,0,0,0,0,0,0,0,0,0,0,0,0,0,0,0,0,0,0,0,0.03,0,0,0,0.005,0.088,0,0.319,0.479,0.124,6.11,116,2218
0,0,0.46,0,0.46,0,0,0,0,0,0,0,0,0,0,0.46,0,0,2.8,0,0.93,0,0,0,0,0,0,0,0,0,0,0,0,0,0,0,0,0,0,0,0,0,0,0,0.46,0,0,0,0,0.082,0,0.663,0,0,1.428,20,120
0,0,0.48,0,0.48,0.48,0.48,0,0,0.96,0,0,0,0,0,0,0.96,0,3.36,0,0.96,0,0,0,0,0,0,0,0,0,0,0,0,0,0,0,0,0,0,0,0,0,0,0,0,0,0,0,0,0.163,0,0.163,0,0,1.696,17,95
0,0,0.59,0,0.59,0,0,0.59,0,0,0,1.19,0,0,2.38,0,0.59,0.59,2.97,0,2.97,0,1.78,0,0,0,0,0,0,0,0,0,0,0,0,0,0,0,0,0.59,0,0,0,0,0,0,0,0,0,0.105,0,0.105,0.42,0,3.428,12,72
0,0,0,0,0,0,0,0,0,0,0,0,0,2.06,0,0,0,0,0,0,0,0,0,0,0,0,0,0,0,0,0,0,0,0,0,1.03,0,0,0,0,0,0,0,0,1.03,0,0,0,0,0.163,0,0.163,0.326,0,3.545,21,78
0,0,0,0,0.96,0,0.96,0,0,0,0.96,0,0,0,0,0,0,0,2.88,0,2.88,0,0,0,0,0,0,0,0,0,0,0,0,0,0,0,0,0,0,0,0,0,0,0,0,0,0,0,0,0.123,0,0.616,0,0,1.181,3,13
0.29,0,0.29,0,0.29,0,0,0.29,0,0,0.29,0,0,0,0,0,2.93,0.58,1.75,0,1.75,0,0,0,0,0,0,0,0,0,0,0,0,0,0,0.58,0,0,0,0.29,0,0,0,0,0,0,0,0,0,0,0,0,0,0,1.361,6,113
0.1,0,0.03,0,0.1,0.03,0,0,0,0.1,0.1,0.43,0,0,0,0.37,0.1,0,0.43,0,0.4,0,0,0,0,0,0,0,0,0,0,0,0.2,0,0,0.13,0.06,0,0,0,0,0.06,0,0.03,0,0,0,0.2,0.014,0.078,0,0.034,0.019,0.019,4.93,113,3550
0.25,0,0.51,0,0.25,0.51,0.25,0,0,0,0,0.76,0,0,0,0.25,0,0.76,2.29,0,0.51,0,0,0,0,0,0,0,0,0,0,0,0,0,0,0,0,0,0,0,0,0,0,0,0,0,0,0,0.044,0,0.132,0.354,0,0,2.593,14,153
0.62,0,0.62,0,1.25,0,0.62,0,0,0,0,0.62,0,0,0,0.62,0.62,0,1.25,0,2.51,0,0.62,0,0,0,0,0,0,0,0,0,0,0,0,0,0,0,0,0,0,0,0,0,0,0,0,0,0,0,0,0.456,0.273,0,2.52,22,121
0.49,0.28,0.4,0,0.09,0.11,0.02,0.21,0.42,0.75,0.23,0.89,0.54,1.06,0,0.16,0.33,0.02,3.23,0,1.46,0,1.03,0.51,0,0,0,0,0,0,0,0,0,0,0,0,0,0,0,0,0,0,0,0,0.02,0,0,0,0,0.058,0,0.382,0.847,0.141,5.783,193,3210
0,0,0.76,0,0.76,0,0.5,0.5,0,1.01,0,0.25,1.52,0,0.76,0,0,1.52,2.03,0,1.52,0,0.76,0,0,0,0,0,0,0,0,0,0,0,0,0,0,0,0,0.5,0,0,0,0,0,0,0,0,0,0.074,0,0.412,0.412,0,2.441,19,249
0,0,0.76,0,0.76,0,0.5,0.5,0,1.01,0,0.25,1.52,0,0.76,0,0,1.52,2.03,0,1.52,0,0.76,0,0,0,0,0,0,0,0,0,0,0,0,0,0,0,0,0.5,0,0,0,0,0,0,0,0,0,0.074,0,0.412,0.412,0,2.441,19,249
0,0.71,0.71,0,0.35,0.35,0,0,0,0,0,0.71,0,0,0,0.35,0,1.43,1.79,0,1.07,0,0,0,0,0,0,0,0,0,0,0,0,0,0,0,0,0,0,0,0,0,0,0,0,0,0,0,0,0.057,0,1.257,0,0,3.895,61,261
0,0,0.88,0,0.88,0,0,0,0,0,0,0.88,0,0,0,0,0,0,0.88,0,0,0,0,0,0,0,0,0,0,0,0,0,0,0,0,0,0,0,0,0,0,0,0,0,0,0,0,0,0,0,0,0.935,0,0,3.417,51,229
0,0,0,0,0,0,0,1.07,0,0,0,0,0,0,0,0,0,0,0,0,0,0,1.07,0,0,0,0,0,0,0,0,0,0,0,0,0,0,0,0,0,0,0,0,0,1.07,0,0,0,0,0.19,0,0.19,0.38,0,3.6,16,72
0,0,1.92,0,0,0,0,0,0,0,0,0,0,0,0,0,3.84,0,1.92,0,1.92,0,0,0,0,0,0,0,0,0,0,0,0,0,0,0,0,0,0,0,0,0,0,0,0,0,0,0,0,0,0,1.336,0,0,1.21,3,23
0.59,0.09,0.09,0,0.29,0.09,0,0.59,0.59,2.09,0.29,0.09,0.29,0,0.39,0.09,0.79,0.39,3.19,0.09,1.69,0,1.39,0.99,0,0,0,0,0,0,0,0,0,0,0,0.09,0,0,0.09,0,0,0,0,0,0.19,0,0,0,0.044,0.078,0,0.334,0.133,0.011,15.493,1171,2541
0.27,0,0.41,0,0,0,0.13,0.13,0,0,0,0.41,0,0,0,0,0,0.41,0.69,0,0.27,0,0,0,0,0,0,0,0,0,0,0,0,0,0,0.27,0,0,0,0,0,0,0,0,0,0,0,0,0,0.133,0,0,0,0,1.531,20,144
0,0.62,0.62,0,0.31,0,0,0,0,0,0,0.62,0,0,0,0.31,0,1.25,2.51,0,1.25,0,0,0,0,0,0,0,0,0,0,0,0,0,0,0,0,0,0,0,0,0,0,0,0.31,0,0,0,0,0.051,0,0.777,0,0,3.39,61,278
0,0,0,0,0,0,0,1.08,0,0,0,0,0,0,0,0,0,0,0,0,0,0,1.08,0,0,0,0,0,0,0,0,0,0,0,0,0,0,0,0,0,0,0,0,0,1.08,0,0,0,0,0.194,0,0,0.389,0,3.6,16,72
0,0,0,0,0,0,0,0,0,0,0,0,0,0,0,0,0,0,4.34,0,0,0,0,0,0,0,0,0,0,0,0,0,0,0,0,0,0,0,0,0,0,0,0,0,0,0,0,0,0,0,0,5.844,0,0,1.666,5,15
0,0,0,0,0,0,0,0,0.93,0,0,0,0,0,0,0,0,0,0.93,0,3.73,0,0,0,0,0,0,0,0,0,0,0,0,0,0,0,0,0,0,0,0,0,0,0,0,0,0,0,0,0.134,0,0.536,0,0,2.166,23,65
0.1,0,0.43,0,0.1,0.1,0.1,0.53,0.1,0,0,0.64,0,0.32,0,0,0.1,0,0,0,0,0,0.75,0,0,0,0,0,0,0,0,0,0,0,0,0,0,0,0,0,0,0,0,0,0,0,0,0,0,0.049,0,0.016,0.065,0,1.901,29,329
0.08,0.08,0.76,0,0.85,1.02,0.25,0.17,0.59,0.08,0.17,0.59,0.17,0,2.21,0.25,0.08,0.93,1.61,0.17,0.42,0,0.85,0.08,0,0,0,0,0,0,0,0,0,0,0,0,0,0,0,0.08,0,0,0.17,0.08,0.08,0.08,0,0,0,0.063,0,0.394,0.114,0.012,7.484,669,1407
0,0,0,0,0,0,0,0,0,0,0,0,0,0,0,0,0,0,0,0,0,0,0,0,0,0,0,0,0,0,0,0,0,0,0,0,0,0,0,0,0,0,0,0,0,0,0,0,0,0,0,0,0,0,1.222,2,11
0.01,0.01,0.13,0,0.13,0.01,0,0,0.01,0.13,0.03,0.45,0.03,0.07,0,0.11,0.53,0.07,0.07,0,0.03,0,0.01,0,0,0,0,0,0.01,0,0,0,1.57,0,0,0.11,0.86,0,0,0.03,0,0.03,0.03,0.01,0.01,0.23,0,0.15,0.008,0.111,0,0.002,0,0.01,2.106,58,3027
0,0,0,0,0,0,0,0,0,0,0,0,0,0,0,0,0,0,0,0,0,0,0,0,0,0,33.33,0,0,0,0,0,0,0,0,0,0,0,0,0,0,0,0,0,0,0,0,0,0,0,0,0,0,0,1,1,3
0,0,0,0,0,0,0,0,0,0,0,0.99,0,0,0,0.99,0,0,2.97,0,1.98,0,0,0,0.99,0.99,0,0,0,0,0,0,0,0,0,0,0,0,0,0,0,0,0,0,0,0,0,0,0,0,0,0.262,0,0,1.565,14,36
0,0,0,0,0,0,0,0,0,0,0,0,0,0,0,0,0,0,0,0,0,0,0,0,0,0,1.63,0,0,0,0,0,0,0,0,0,0,0,0,0,0,0,0,0,1.63,0,0,0,0,0,0,0,0,0,1.666,7,25
0,0,0,0,0,0,0,0,0,1.41,0,0,1.41,0,0,0,0,0,1.41,0,0,0,0,0,0,0,0,0,0,0,0,0,0,0,0,0,0,0,0,0,0,0,0,0,0.7,0,0,0,0,0.246,0,0,0,0,1.56,6,39
0,0,2.5,0,0,0,0,0,0,0,0,0,2.5,0,0,0,0,0,2.5,0,2.5,0,0,0,0,0,0,0,2.5,0,0,0,0,0,0,0,0,0,0,0,0,0,0,0,0,0,0,0,0,0,0,0,0,0,1.222,3,11
0,0,1.29,0,0,0,0,0,0,1.29,0,1.29,0,0,0,0,0,0,2.59,0,0,0,0,0,2.59,2.59,0,0,0,0,0,0,0,0,0,0,0,0,0,0,0,0,0,0,0,0,0,0,0,0.22,0,0,0,0,1.35,4,27
0,0,0,0,0,0,0,0,0,0,0,0,0,0,0,0,0,0,0,0,0,0,0,0,0,0,16.66,0,0,0,0,0,0,0,0,0,0,0,0,0,0,0,0,0,0,0,0,0,0,0,0,0,0,0,1,1,6
0,0,0.4,0,0,0,0,0,0,0,0,0.4,0,0,0,0,0,0,0,0,0.4,0,0,0,13.93,0.81,0,0,0,0,0,0,0,0,0,0,0.4,0,0,0,0,0,0,0,0,0,0,0,2.053,1.932,0.06,0,0,0,6.113,20,593
0,0,0,0,1.05,2.1,1.05,0,0,0,0,0,0,0,0,0,0,0,3.15,0,1.05,0,2.1,0,0,0,0,0,0,0,0,0,0,0,0,0,0,0,0,0,0,0,0,0,0,0,0,0,0,0,0,0.171,0.171,0,2.05,6,41
0,0.1,0.3,0,1.02,0.3,0.1,0.4,0,0.2,0.1,0.92,0,0.1,0,1.94,0.92,0.4,1.94,0.4,0.61,0.92,0.51,0.1,0,0,0,0,0,0,0,0,0,0,0,0.3,0.1,0,0,0.1,0,0,0,0,0,0,0,0,0,0.048,0.016,0.518,0.162,0.34,8.181,283,1890
0,0,0,0,0,0,0,0,0,0,0,0,0,0,0,0,0,0,4,0,0,0,0,0,0,0,0,0,0,0,0,0,0,0,0,0,0,0,0,0,0,0,0,0,0,0,0,0,0,0,0,0,0,0,2.363,11,26
0.23,0.29,0.64,0,0.17,0.17,0.11,0.05,0.05,0.47,0.11,1.17,0.47,0.05,0.17,0.05,0.11,0.29,3.93,0,2.05,0,0.47,0.29,0,0,0,0,0,0,0,0,0,0,0,0,0,0,0,0,0,0,0,0,0,0,0,0,0,0.133,0,0.492,0.338,0.092,6.033,87,1460
0.4,0.4,0.26,0,0.13,0.2,0.06,0.33,0,1.14,0.33,1.07,1,0,0.26,0.4,0.06,0,4.1,0,0.94,0,0.53,0.26,0,0,0,0,0,0,0,0,0,0,0,0,0,0,0,0,0,0,0,0,0,0,0,0,0,0.088,0,1.06,0.151,0.05,4.623,123,1045
0,0.39,1.18,0,0.39,0,0,0,0,0.78,0.78,0.78,0,0,0.39,3.54,0,0,1.18,0,1.18,0,0,0,0,0,0,0,0,0,0,0,0,0,0,0,0,0,0,0,0,0,0,0,0.39,0,0,0,0,0.064,0,0.843,0.129,0.064,5.87,42,364
0.51,0.17,0.51,0,1.7,0.34,0,0,0.85,0.17,0,0.68,0.17,0.34,0,0.17,0.17,0,2.9,0,2.05,0,0.68,1.36,0,0,0,0,0,0,0,0,0,0,0,0,0,0,0,0,0,0,0,0,0,0,0,0,0,0,0,0.387,1.961,0.025,11,183,660
0,0,0.52,0,0,1.05,0.52,0,0,0,0,0,0,0,0,1.05,0,0,2.63,0,0,0,1.05,0,0,0,0,0,0,0,0,0,0,0,0,0,0,0,0,0,0,0,0,0,0,0,0,0,0,0.194,0,0.291,0,0,3.333,43,120
0.31,0,0,0,0,0,0,0,0,0,0.31,0.31,0.31,0,0,0,0.31,0,2.79,0,1.55,0,0,0,0,0,0,0,0,0,0,0,0,0,0,0.31,0,0,0,0,0,0,0,0,0,0,0,0,0.114,0,0,0.057,0,0,2.972,18,110
0,0,0,0,0,1.29,0,0.64,0,0,0,0,0,0,0,0,0,0,3.87,0,0.64,0,0,0,0,0,0,0,0,0,0,0,0,0,0,0,0,0,0,0,0,0,0,0,0,0,0,0,0,0,0,1.116,0.111,0,1.8,12,63
0,0,0,0,0,1.28,0,0.64,0,0,0,0,0,0,0,0,0,0,3.84,0,0.64,0,0,0,0,0,0,0,0,0,0,0,0,0,0,0,0,0,0,0,0,0,0,0,0,0,0,0,0,0,0,1.103,0.11,0,1.777,12,64
0,0,0.47,0,0.47,0,0,0.47,0,0,0,0.94,0,0,1.88,0,0.47,0.47,2.83,0,2.35,0,1.41,0,0,0,0,0,0,0,0,0,0,0,0,0,0,0,0.47,0.47,0,0,0,0,0,0,0,0,0,0.164,0,0.082,0.41,0,5.074,60,137
0.14,0.14,0.29,0,0,0,0,0,1.03,0.29,0.14,0.59,0,0,0,0,0,0.14,2.36,0.14,0.88,0,0,0.44,0,0,0,0,0,0,0,0,0,0,0,0,0,0.29,0,0,0,0,0,0,0,0,0,0,0,0.205,0,0.153,0.128,0.102,2.686,73,368
0.57,0,0.57,0,0,0,0,0.57,0,0,0,1.14,0,0,0,0,0,0,5.14,0,1.14,0,2.85,0,0,0,0,0,0,0,0,0,0,0,0,0,0,0,0,0,0,0,0,0,0,0,0,0,0,0,0,0.211,0.74,0,2.9,32,116
0,0,0.2,0,0.81,1.01,0,0,0,0,0.2,1.21,0,0,0,0,0,0.2,1.21,0,0,0,0.6,0.4,0,0,0,0,0,0,0,0,0,0,0,1.62,0.2,0,0,0,0,0,0,0,0,0,0,0,0,0.152,0,0.121,0.121,0,2.61,10,261
0,0,0,0,0,0,0,0,0,0,0,0,0,0,0,0,0,0,0,0,0,0,0,0,0,0,0,0,0,0,0,0,0,0,0,0,0,0,0,0,0,0,0,0,1.17,0,0,0,0,0.407,0,0.203,0.61,0,4.133,17,62
0.9,0,0,0,0,0,0.9,0,0,0,0,0,0,0,0,0,0.9,0.9,1.81,0,2.72,0,0,0.9,0,0,0,0,0,0,0,0,0,0,0,0,0,0,0,0,0,0,0,0,0,0,0,0,0,0,0,0.537,0,0,2.782,19,64
0,0,0,0,0.87,0,0,1.16,0,0,0.29,1.74,0,0,0,0,0.87,0,4.95,0,2.91,0,0,0,0,0,0,0,0,0,0,0,0,0,0,0,0,0,0,0,0,0,0,0,0,0,0,0,0.151,0,0,0,0,0,1.095,4,46
0,0.55,0.55,0,2.23,0.55,0,0.55,0,0,0.55,0,0,0,0,0,0,1.11,1.67,0,2.23,0,0,0.55,0,0,0,0,0,0,0.55,0,0,0,0,0,0.55,0,0,0,0,0,0,0,0,0,0,0,0,0.265,0,0.088,0.353,0,2.571,11,108
0.33,0.67,0,0,0,0,0.67,0.33,0.33,0.33,0,0.67,0,0,0,0,0.67,1.01,2.02,0,0.67,0,0,0,0,0,0,0,0,0,0,0,0,0,0,0,0,0,0,0,0,0,0,0,0,0,0,0,0,0,0,0,0.048,0,1.204,6,59
0,0,0,0,0,0,0,0,0,0.37,0,0.75,0,0,0,0,0,0,2.63,0,0.75,0,0,0,0,0,0.37,0,0,0,0,0,0,0,0,0,0,0,0,0,0,0,0,0,0,0,0,0,0,0.066,0,0,0,0,1.433,5,86
0,0,0,0,0,0,0,0,0,2.32,0,0,0,0,0,0,0,0,0,0,0,0,0,0,2.32,2.32,0,4.65,0,2.32,0,0,0,0,4.65,0,0,0,0,0,0,0,0,0,0,0,0,0,0,0.453,0,0,0,0,11.687,75,187
0.43,0,0.43,0,0,0.21,0,0,0,0.21,0,0.21,0.21,0,0,0,0,0,1.08,0,0.43,0,0,0,0.43,0.43,0,0.43,0,0.21,0,0,0,0,0.43,0,0,0,0,0.21,0,0,0,0,0,0,0.65,0,0.034,0.238,0.136,0,0,0,3.372,75,344
0,0,0.15,0,0.3,0,0,0.15,0.15,0,0.15,2.76,0,0,0,0,0,0.46,1.69,0,0,0,0,0,0.46,0.15,0,0,0,0,0,0,0.15,0,0,0.15,0.15,0,0,0,0,0,0,0.15,0,0,0,0,0.023,0.023,0,0,0,0,2.677,58,415
0,2.46,0,0,0,0,0,0,0,0,0,0,0,0,0,0,0,1.23,1.23,0,1.23,0,0,0,0,0,3.7,2.46,0,0,0,0,0,0,0,0,0,0,0,0,0,0,0,0,1.23,0,0,0,0,0.392,0,0,0,0,2.142,10,75
0,0,0,0,0,0,0,0,0,0,0,0,0,0,0,0,0,0,2.35,0,0,0,0,0,1.17,0,1.17,2.35,0,0,0,0,1.17,0,1.17,0,0,0,0,0,0,0,0,0,0,0,0,0,0,0.61,0,0.203,0,0,2.541,15,61
0,0,0,0,0,0,0,0,0,0,0,0.32,0,0,0,0,0,0.65,0,0,0,0,0,0,0,0,0,0,0,0,0,0,0,0,0,0,0.97,0,0,0,0,0,0,0,0,0,0,0.97,0,0.1,0,0,0,0,2.59,69,386
0,0,0,0,0,0,0,0.13,0,0.13,0,1.1,0.13,0,0,0,1.24,0,0,0,0,0,0,0,3.17,0,0,0,0,0,0,0,0.69,0,0,0.27,0.41,0,0,0,0,0,0,0,0,0,0,0.13,0.07,0.07,0,0,0,0,2.064,23,322
0,0,0,0,0,0,0,0,0,0,0,0,0,0,0,0,0,0,0,0,0,0,0,0,0,0,2,0,2,0,0,0,2,0,0,0,0,0,0,0,0,0,0,0,0,0,0,0,0,0.337,0,0,0,0.337,2.95,7,59
0,0,0,0,0,0,0,0,0,0,0,0,0,0,0,0,0,0,2.04,0,0,0,0,0,0,0,0,0,0,0,0,0,2.04,0,2.04,0,0,0,0,0,0,0,0,0,0,0,0,0,0,0,0,0.286,0,0,2.434,17,56
0,0,0.4,0,0.4,0,0.4,0,0,0,0,0,0.4,0,0,0,0,0,2.04,0,0.4,0,0,0,0,0,0,0,0,0,0,0,0,0,0,0,0,0,0,0,0,0,0,0,0.4,0,0,0,0,0,0,0.11,0,0,1.594,11,118
0,2.66,0,0,2,0,0,0.66,0,0,0,2,1.33,0,0.66,0,0,6.66,3.33,0,1.33,0,0,0,0,0,0,0,0,0,0,0,0,0,0,0,0,0,0,0,0,0,0,0,0,0,0,0,0,0,0,0.111,0,0,2.133,7,32
0,0.34,1.02,0,0.68,0.34,0.34,0,0,0,0,0.34,0,0,0,2.04,0,0.34,4.76,0,2.38,0,0,0.34,0,0,0,0,0,0,0,0,0,0,0,0,0,0,0,0,0,0,0,0,0,0,0,0,0,0.161,0,0.215,0,3.879,6.978,56,328
0,0,0.78,0,1.17,0,0,0,0,0,0,0.39,0,0,0,0.78,0,0,1.56,0,1.96,0,0,0.78,0,0,0,0,0,0,0,0,0,0,0,0,0,0,0,0,0,0,0,0,0,0,0,0,0,0,0,0,0.092,0,4.111,20,222
0,0,0.32,0,0.64,0.64,0.64,0.32,0.32,0,0,0.32,0.32,0,0,0.32,0.32,0.32,2.25,0,3.21,0,0,0.32,0,0,0,0,0,0,0,0,0,0,0,0,0,0,0,0,0,0,0,0,0.64,0,0,0,0,0.156,0,0,0.156,0,1.752,19,149
0,1.25,0.62,0,0,0,1.25,0,0,0,0.62,0.62,0,0,0.62,2.5,0,1.25,5,0,1.25,0,0,0,0,0,0,0,0,0,0,0,0,0,0,0,0,0,0,0,0,0,0,0,0,0,0,0,0,0.044,0,0.223,0,0,2.35,29,134
0,0,0,0,0,0,0,3.12,0,0,0,0,0,0,0,0,0,0,0,0,0,0,0,0,0,0,0,0,0,0,0,0,0,0,0,0,0,0,0,0,0,0,0,0,1.04,0,0,0,0,0.189,0,0.189,0.189,0,3.857,25,81
0,0,0,0,0,0,0,0,0,0,0,0,0,0,0,0,0,0,2.66,5.33,1.33,1.33,0,0,0,0,0,0,0,0,0,0,0,0,0,0,0,0,0,0,0,0,0,0,0,0,0,0,0,0,0,0.699,0,0.466,9.2,46,92
0.5,0,0.75,0,0.25,0.25,0.25,0.5,0,0,0.5,2.26,0,0,0,0.5,1,0.25,4.03,0,2.01,0,0,0,0,0,0,0,0,0,0,0,0,0,0,0,0,0,0,0,0,0,0,0,0,0,0,0,0,0.034,0,0.375,0.034,0,4.2,60,231
0,0,0,0,0,0,2.1,0,0,0,0,1.05,0,0,0,0,0,0,4.21,0,0,0,0,0,0,0,0,0,0,0,0,0,0,0,0,0,0,0,0,0,0,0,0,0,0,0,0,0,0,0,0,0,0,0,2.695,15,62
0.13,0.13,0.13,0,0.55,0.27,0.27,0.13,1.1,0.27,0,0.97,0.27,0,0.13,0,0,0,3.88,0.13,2.77,0,0.13,0.55,0,0,0,0,0,0,0,0,0,0,0,0,0,0,0,0.13,0,0,0,0,0,0,0,0,0,0.017,0,1.316,0.177,0,4.947,232,757
0,0,0.46,0,0,0,0,0.15,0,0,0,0.15,0,0,0,0,0,0.46,0.93,0,0,0,0.46,0,0,0,0,0,0,0,0,0,0,0,0,0.15,0,0,0,0.93,0,0,0,0,0,0,0,0,0.071,0.071,0,0.095,0.023,0,62.75,1505,2761
0.13,0.13,0.13,0,0.55,0.27,0.27,0.13,1.11,0.27,0,0.97,0.27,0,0.13,0,0,0,3.91,0.13,2.65,0,0.13,0.55,0,0,0,0,0,0,0,0,0,0,0,0,0,0,0,0.13,0,0,0,0,0,0,0,0,0,0.018,0,1.294,0.182,0,4.745,232,726
1.18,0.39,0.59,0,0,0.98,0.19,0.19,1.38,0.39,0,0.98,0,0.19,0,0.98,0,0,2.56,0.39,1.38,0,0,1.38,0,0,0,0,0,0,0,0,0,0,0,0,0,0,0,0,0,0,0,0,0,0,0,0,0,0.232,0,0.749,0.31,0.025,6.652,76,632
0,0,0,0,0.28,0.86,0,0,0,0,0,0.57,0.28,0,0,0,0.28,0,0.28,0,0.28,0,0,0,0,0,0,0,0,0,0,0,0,0,0,0,0,0,0,0,0,0,0,0,0,0,0,0,0.084,0.126,0,0,0,0,27.479,772,1319
0,0,0,0,0,0,0,0,0,0,0,1.36,0,0,0,0.68,0.68,0,4.76,4.76,0,0,0,0,0,0,0,0,0,0,0,0,0,0,0,0,0,0,0,0,0,0,0,0,0,0,0,0,0,0,0,1.255,0,0,2.818,21,124
0,0,0,0,0,0,0.76,0,0,0,0,0,0.76,0,0,0,0,0,0.76,0.76,0,0,0,0,0,0,0,0,0,0,0,0,0,0,0,0,0,0,0,0,0,0,0.76,0,0,0,0,0,0,0,0,0.274,0,0,11.035,110,309
0,0,0,0,1.28,0,1.28,0,0,0,0,0,0,0,0,0.64,0,1.28,1.28,0,0.64,0,0,0,0,0,0,0,0,0,0,0,0,0,0,0,0,0,0,0,0,0,0,0,0,0,0,0,0,0,0,0.085,0.17,0,2.466,18,111
0,0,0,0,0,1.12,0,0,0,0,0,0,0,0,0,0,0,0,2.24,0,0,0,0,0,0,0,0,0,0,0,0,0,0,0,0,0,0,0,0,0,0,0,0,0,0,0,0,0,0,0.392,0,3.333,0,0,2.551,12,74
0.39,0,0,0,0,0.39,0.79,0,0,0,0,0.79,0,0,0,0,0.39,0,2.37,0,2.76,0,1.18,0.79,0,0,0,0,0,0,0,0,0,0,0,0,0,0,0,0,0,0,0,0,0,0,0,0,0,0.061,0,0.612,0.183,0,2.678,13,75
0,0.58,0.58,0,0,0,0,0.58,0.58,7.55,0.58,1.16,0,0,0,0,0.58,0,4.06,0,0,0,0,0,0,0,0,0,0,0,0,0,0,0,0,0,0,0,0,0,0,0,0,0,0,0,0,0,0,0.192,0,0.192,0,0.096,1.526,10,58
0.51,0,0.77,0,0.25,0.25,0,0,0,0.51,0,1.55,0,0,0,0.77,1.55,0,4.9,0,2.58,0,0.77,0.25,0,0,0,0,0,0,0,0,0,0,0,0,0,0,0.25,0,0,0,0,0,0,0,0,0,0,0.179,0,0.359,0.403,0.134,5.774,56,358
0,0,0,0,0,0,0,0.71,0,0,0,0.71,0,0,0,1.43,0,0,4.31,0,1.43,0,0,0.71,0,0,0,0,0,0,0,0,0,0,0,0,0,0,0,0,0,0,0,0,2.15,0,0,0,0,0.265,0,0.132,0,0,2.322,16,72
0.09,0,0.27,0,0.36,0.09,0,0.18,0.09,0,0,0.82,0,0.36,0,0,0,0,2.01,0,3.38,0,0.36,0.09,0,0,0,0,0,0,0,0,0,0,0,0,0,0,0,0,0,0,0,0,0.27,0,0,0,0.015,0.046,0.03,0.246,0.03,0.03,3.771,69,528
0.11,0.22,0.11,0,0.45,0.45,0,0.11,1.02,1.59,0.11,0.34,0.22,0.11,2.16,0,0.45,0.11,3.53,0,1.25,0,0.45,0.45,0,0,0,0,0,0,0,0,0,0,0,0,0,0,0,0.11,0,0,0,0,0.45,0,0,0,0.018,0.17,0,0.265,0.132,0,4.215,144,666
0.1,0.2,1.01,0,0.8,0.8,0.5,0,0.8,0.1,0.3,0.7,0.3,0,1.61,0.1,0,1.11,1.31,0.2,0.7,0,0.6,0.1,0,0,0,0,0,0,0,0,0,0,0,0,0,0,0,0,0,0,0.2,0,0.1,0.1,0,0,0,0.107,0,0.474,0.152,0.015,8.55,669,1351
0.11,0.22,0.11,0,0.45,0.45,0,0.11,1.02,1.59,0.11,0.34,0.22,0.11,2.16,0,0.45,0.11,3.53,0,1.25,0,0.45,0.45,0,0,0,0,0,0,0,0,0,0,0,0,0,0,0,0.11,0,0,0,0,0.45,0,0,0,0.018,0.17,0,0.265,0.132,0,4.215,144,666
0.33,0,0.67,0,0.22,0,0,0,0.44,0.11,0,0.33,0,0,0,0.56,0,0,1.79,0,1.12,0,0,0.22,0,0,0,0,0,0,0,0,0,0,0,0,0,0.11,0,0,0,0,0.11,0,0,0,0,0,0,0.157,0,0.392,0.176,0.078,2.606,75,391
0,0,0,0,0,1.88,0,0,0,0,0,0,0,0,0,0,0,0,3.77,0,1.88,0,0,0,0,0,0,0,0,0,0,0,0,0,0,0,0,0,0,0,0,0,0,0,0,0,0,0,0,0,0,0,0,0,2.307,16,30
0,0,0,0,0,0,0,0,0,0,0,0,0,0,0,0,0,0,2.04,0,0,8.84,1.36,0,0,0,0,0,0,0,0,0,0,0,0,0,0,0,0,0,0,0,0,0,0,0,0,0,0,0,0,0.125,0,1.126,7.054,37,261
0.09,0,0.19,0,0.09,0,0,0.39,0,0,0,1.27,0.19,0.09,0,0,0.49,0,0.29,0,0,0,0.29,0,2.74,0,0,0,0,0,0,0,0,0,0,0.29,0.19,0,0,0,0,0,0.09,0.09,0,0,0,0,0.067,0.067,0,0,0.026,0,2.247,18,481
0,0,0,0,0,0,0,0,0,0,0,0,0,0,0,0,0,0,0,0,0,0,0,0,0,0,2,0,2,0,0,0,2,0,0,0,0,0,0,0,0,0,0,0,0,0,0,0,0,0.342,0,0,0,0.342,2.75,7,55
0,0,0,0,0,0,0,0,0,0,0,1.02,0,0,0,0,0,0,0,0,0,0,0,0,3.06,4.08,0,0,0,0,0,0,0,0,0.51,0,0,0,0,0,0,0,0,0,0,0,0,0,0,0.217,0,0,0,0,1.718,12,122
0,0,0.85,0,0,0,0,0,0,0,0,0.85,0,0,0,0,0,0,2.56,0,0,0,0,0,0,0,0,0,0,0,0,0,0,0,0,0,0,0,0.85,0,0,0,0,0.85,0,0,0,0,0,0,0,0.331,0,0,1.842,6,35
0,0,0,0,0,0,0,0,0,0,0,0,0,0,0,0,0,0,0,0,0,0,0,0,0,0,2,0,2,0,0,0,2,0,0,0,0,0,0,0,0,0,0,0,0,0,0,0,0,0.341,0,0,0,0.341,3.166,7,57
0,0,0,0,0,0,0,0,0,0.29,0,0,0,0,0,0,0,0,0.58,0,0.58,0,0,0,3.51,2.34,0.87,2.34,0.58,1.17,0.58,0.58,0,0.58,1.17,0.58,0.29,0,0.87,0.58,0,0.87,0.29,0,0.58,0,0,0,0.091,0.637,0.045,0,0,0,3.552,37,373
0,0,0,0,0,0,0,0,0,0,0,0,0,0,0,0,0,0,3.33,0,0,0,0,0,0,0,0,0,0,0,0,0,0,0,0,0,0,0,0,0,0,0,0,0,0,0,0,0,0,0,0,0,0,0,1.375,4,11
0,0,0,0,0,0,0,0,0,0,0,0,0,0,0,0,0,0,0,0,0,0,0,0,0,0,0,0,0,0,0,0,0,0,0,0,0,0,0,0,0,0,0,0,0,0,0,0,0.325,0,0,0,0,0,1,1,14
0,0,0,0,0,0,0,0,0,0,0,0.73,0,0,0,0,0,0,0,0,0,0,0,0,8.08,5.88,0.73,0.73,0.73,0.73,0.73,0.73,0,0.73,0.73,0.73,0.73,0,0.73,0.73,0,0,0.73,0,0.73,0,0,0,0.388,0.259,0.129,0,0,0,2.666,13,96
0,0,0,0,0,0,0,0,0,0,0,0,0,0,0,0,0,0,3.03,0,0,0,0,0,0,0,3.03,0,0,0,0,0,0,0,0,0,3.03,0,3.03,0,0,6.06,3.03,0,0,0,0,0,0,0,0,0,0,0,2,12,42
0,0,0.31,0,0.31,0,0,0,0,1.27,0,0,0,0,0,0,0,0,0.31,0,0,0,0,0,2.87,1.27,1.91,0.63,0.63,0.63,0.63,0.63,0,0.63,0.63,0.63,0.95,0,0.95,0.63,0,0,0.95,0,0.95,0,0,0,0.097,0.534,0.242,0,0.048,0,2.23,13,261
0,4.16,0,0,0,0,0,0,0,0,0,4.16,0,0,0,0,0,0,0,0,0,0,0,0,0,0,0,0,0,0,0,0,0,0,0,0,0,0,0,0,0,0,0,0,4.16,0,0,0,0,0,0,0.709,0,0,2.09,6,23
0,0,0.74,0,0,0,0,0,0,0,0,2.22,0,0,0,0,0,0,1.48,0,0,0,0,0,0,0.74,0,0,0,0,0,0,0,0,0,0,0.74,0,0,0,0,0,0,0,0,0,0,2.22,0,0,0,0,0,0,2.595,31,122
0,0,0,0,0,0,0,0,0.48,0,0.48,0,0,0,0,0.48,0.48,0,1.44,0,2.88,0,0.96,0,0,0,0,0,0,0,0,0,0,0,0,0,0,0,0,0,0,0,0,0,0.48,0,0,0,0,0.076,0,0.305,0.381,0,1.884,9,98
0,0,0,0,0,0,1.78,0,0,1.78,0,0,0,0,0,1.78,0,1.78,5.35,0,1.78,0,0,0,0,0,0,0,0,0,0,0,0,0,0,0,0,0,0,0,0,0,0,0,0,0,0,0,0,0,0,0,0,0,7,35,63
0.15,0.31,0,0,0,0,0,0,0,0.63,0.31,0.31,0,0,0,0,0,0.63,0.95,0,0.47,0,0,0,3.34,0.63,0.47,0.15,0.15,0.15,0.15,0.15,0,0.15,0.15,0.15,0.47,0,0.47,0.15,0,0,0.31,0,0.15,0,0,0,0.149,0.199,0.049,0.174,0,0,4.026,100,608
0,0,0.61,0,0,0,0,0,0,0,0,0.61,0,0,0,0,0,0,0.61,0,0,0,0,0,5.52,1.22,1.22,0.61,0.61,1.84,0.61,0.61,0,0.61,0.61,0.61,0,0,1.22,0.61,0,0,0,0,0.61,0,0,0,0,0.143,0,0,0,0,3.682,51,151
0.04,0.14,0.29,0,0.04,0.04,0,0.09,0,0.19,0.09,1.04,0,0,0,0,0,0.24,0.09,0,0.04,0,0,0,0.04,0,0,0,0,0.09,0,0,0,0,0,0.09,0.24,0,0,0,0,0,0.04,0,0,0,0,0,0.02,0.16,0.006,0,0,0,2.667,185,1763
0,0,0,0,0,0,0,0,0,0,0,7.69,0,0,0,0,0,0,0,0,0,0,0,0,0,0,0,0,0,0,0,0,0,0,0,0,0,0,0,0,0,0,0,0,0,0,0,0,0,0,0,0,0,0,2.666,4,16
0,0,0.1,0,0.1,0,0,0,0,0,0,0.1,0,0.1,0,0,0,0,0,0,0,0,0,0,0.4,0.1,0,0.1,0.2,0.2,0,0.1,0.7,0,0.1,0.1,0,0,0,0.1,0,0,0,0.1,0,0,0,0.6,0,0.096,0,0,0,0.012,2.037,18,913
0.19,0.19,0.29,0,1.07,0.19,0.19,0.97,0.87,0.58,0.09,1.07,0.19,0.87,0.09,0,0,1.17,3.71,0.68,1.75,0,0.09,0.29,0,0,0,0,0,0,0,0,0,0,0,0,0,0,0.09,0.09,0,0,0,0,0,0,0,0,0,0,0.194,0.404,0.224,0.029,4.285,49,870
0,0,0,0,0,0.68,1.37,0.68,0,0,0,0.68,0,0,0,0,0,0.34,0.34,0,0,0,0,0,0,0,0,0,0,0,0,0,0,0,0,0.34,0,0,0,0,0,0.34,0,0,0,0,0,0,0,0.103,0,0.206,0.309,0,4.029,69,270
0,0,0,0,0,0,0,0,0,0,0,0,0,0.85,0,0,0,0,0.85,0,0,0,0,0,0,0,0,0,0,0,0,0,0,0,0,0,0,0,0,0,0,0,0,0,0,0,0,0,0,0.126,0,0,0,0,3.925,51,106
0.1,0.1,0.71,0,0.61,0.3,0.4,0.1,1.42,0.81,0.1,0.5,0,0,0,0.1,0,1.01,2.34,0.5,2.03,0,0,0.3,0,0,0,0,0,0,0,0,0,0,0.1,0,0,0,0.1,0,0,0,0,0,0,0,0,0,0,0,0.256,0.928,0.384,0.032,3.179,56,1043
0.52,0.42,0.35,0,0.14,0.03,0.03,0.1,0.56,0.8,0.28,0.7,0.56,1.19,0.03,0.24,0.45,0,3.18,0,1.47,0,0.38,0.63,0,0,0,0,0,0,0,0,0,0,0,0,0,0,0,0,0,0,0,0,0.07,0,0,0,0,0.075,0,0.452,0.528,0.116,6.152,260,2184
0,0.64,0.64,0,0.32,0,0,0,0,0,0,0.64,0,0,0,0.32,0,1.29,1.62,0,0.97,0,0,0,0,0,0,0,0,0,0,0,0,0,0,0,0,0,0,0,0,0,0,0,0,0,0,0,0,0.053,0,1.065,0,0,3.932,61,291
1.26,0.42,1.26,0,0,0,0,0,0,0,0,0.42,0,0,0,0.42,0,0.84,3.79,0,1.26,0,0,0.42,0,0,0,0,0,0,0,0,0,0,0,0,0,0,0,0,0,0,0,0,0.42,0,0,0,0,0.067,0,0.472,0.472,0,3,19,108
0,0,0,0,0,0,2.94,1.47,1.47,1.47,1.47,0,0,0,0,0,2.94,0,0,1.47,4.41,0,0,0,0,0,0,0,0,0,0,0,0,0,0,0,0,0,0,0,0,0,0,0,0,0,0,0,0,0.141,0,0.425,0.141,0,140,279,280
0,0.57,0,0,0.57,0,0.57,0,0,0.57,0,0.57,0,0,0,0,0,0.57,4.57,0,1.14,0,0,0,0.57,0.57,0,0,0,0,0,0,0,0,0,0,0,0,0,0,0,0,0,0,0.57,0,0,0,0.072,0,0,0.072,0.289,0.144,7.512,114,293
0,0,0,0,0,0,4.08,0,0,0,0,0,0,0,0,0,0,0,2.04,0,0,0,0,2.04,0,0,0,0,0,0,0,0,0,0,0,0,0,0,0,0,0,0,0,0,0,0,0,0,0,0,0,0.257,0,0,4.181,26,46
0,0,0,0,1.38,0,0,0,0,0,0,4.16,0,0,0,0,0,0,0,0,0,0,0,0,0,0,0,0,6.94,0,0,0,0,0,0,0,0,0,0,0,0,6.94,0,0,0,0,0,0,0,0.238,0,0,0,0,1.578,4,30
0.51,0,0,0,0,0,0,0,0,0,0,0.25,0.51,0,0,0,0,0,2.3,0,1.53,0,0,0,0,0,0,0,0,0,0,0,0,0,0,0,0.25,0,0,0,0,0,0,0,0.25,0,0,0,0,0.333,0.047,0,0,0,1.196,5,67
0.12,0,0.12,0,0,0,0,0,1.12,0,0,0.37,0,0,0,0,0,0,0.49,0,0.24,0,0,0,0.62,0.74,0.12,0,0,0,0,0,0.37,0,0,0,0.12,0,0,0,0,0,0,0,0,0,0,0,0.12,0.189,0.034,0,0.034,0,3.302,41,535
0,0,0,0,0,0,0,0,0,0,0,0,0,0,0,0,0,0,0,0,0,0,0,0,0,0,0,0,0,0,0,0,0,0,0,0,0,0,0,0,0,0,0,0,4.76,0,0,0,0,0,0,0,0,0,1.5,3,6
0.4,0,0.4,0,0,0,0,0,0,0,0,0,0.4,0,0,0,0,0,1.61,0,0,0,0,0,0,0,0,0,0.4,0,0,0,0,0,0,0,0,0,0,0,0,0,0,0,0,0,0,0,0,0,0,0,0,0,1.148,3,31
0.69,0,0.69,0,0,0,0,0,0,0.69,0,0,0,0,0,1.38,0,0,1.38,0,1.38,0,0,0,0,0,0,0,0,0,0,0,0,0,0,0,0,0,0,0,0,0,0,0,0,0,0,0,0,0,0,2.378,0,0,3.315,37,126
0,0,0,0,0,0,0,0,0,2.38,0,4.76,0,0,0,0,0,0,0,0,0,0,0,0,0,0,0,0,0,0,0,0,0,0,0,0,0,0,0,0,0,0,0,0,0,0,0,0,0,0,0,0.442,0,0,2.125,10,17
0,0,0,0,0,0,0,0,0,0,0,3.7,0,0,0,0,0,0,3.7,0,0,0,0,0,0,7.4,0,0,0,0,0,0,0,0,0,0,0,0,0,0,0,0,0,0,0,0,0,3.7,0,0,0,0.371,0,0,2.25,8,27
0,0,0,0,0,0,0,0,0,0,0,0,0,0,0,0,0,0,1.75,0,0,0,0,0,1.75,0.87,1.75,1.75,1.75,0.87,0.87,0.87,0,0.87,1.75,0.87,0,0,0,0.87,0,0,0,0,0.87,1.75,0,0,0,0.749,0,0.107,0,0,2.454,11,81
0,0,0,0,0,0,0,0,0,0,0,0,0,0,0,0,0,0,0,0,0,0,0,0,0,0,7.14,0,0,0,0,0,0,0,0,0,0,0,0,0,0,0,0,0,0,0,0,0,0,0,0,1.086,0,0,1,1,3
0,0.18,0,0,0,0,0,0,0,0,0,0.18,0,0,0,0,0,0,0,0,0,0,0,0,0.18,0,0,0,0,0,0,0,2.8,0,0,0.37,0.18,0,0,0,0,0,0,0,0,0,0.18,0.18,0,0.187,0,0,0,0,2.141,9,212
0,0,0,0,4.16,0,0,0,0,0,0,4.16,0,0,0,0,0,0,4.16,0,0,0,0,0,0,0,0,0,0,0,0,0,4.16,0,0,0,0,0,0,0,0,4.16,0,0,0,0,0,0,0,0.689,0,0.689,0,0,1.3,4,13
0,0,0,0,1.43,0,0,0,0,0,0,0,0,0,0,0,0,0,1.43,0,0,0,0,0,0,0,0,0,0,0,0,0,0.71,0,0,0,0,0,0,0,0,2.15,0,0,0,0,0,0,0,0.138,0,0,0,0,1.863,5,41
0,0,0,0,3.07,0,0,0,0,0,0,4.61,0,0,0,0,0,0,0,0,1.53,0,0,0,0,0,0,0,6.15,0,0,0,0,0,0,0,0,0,0,0,0,6.15,0,0,0,0,0,0,0,0,0,0,0,0,1.529,4,26
0,0,0,0,0,0,0,0,0,0,0,0,0,0,0,0,0,0,0,0,0,0,0,0,14.28,0,0,0,0,0,0,0,0,0,0,0,0,0,0,0,0,0,0,0,0,0,0,0,0,0,0,0,0,0,2.777,14,25
0,0,0.26,0,0,0,0,0,0,0,0.26,0,0,0,0,0,0,0.26,0,0,0,0,0,0,0.26,0,0,0,0,0,0,0,0,0,0,0,0.53,0,0,0,0,1.06,0,0.26,0,2.4,0,0,0.036,0.109,0,0,0.036,0,1.632,11,307
0,0,0,0,0,0,0,0,0,0,0,0,0,0,0,0,0,0,0,0,0,0,0,0,0,0,0,0,0,0,0,0,4.25,0,0,0,0,0,0,0,0,0,0,0,0,0,0,0,0,0,0,0.386,0,0,1.6,4,16
0,2.12,0,0,0,0,0,0,0,2.12,0,0,0,0,0,0,0,0,0,0,0,0,0,0,0,0,0,0,0,0,0,0,0,0,0,0,0,0,0,0,0,0,0,0,0,0,0,0,0,0,0,0,0,0,1.3,4,13
0,0,0,0,0,0,0,0,0,0,0,0,0,0,0,0,0,0,3.24,0,0,0,0,0,0,0,0,0,0,0,0,0,0,0,0,0,0,0,0,0,0,0,0,0,1.29,0,0,0,0,0.229,0,0.114,0,0,1.8,17,36
0.39,0,0,0,0.78,0.39,0,0,0,0,0,0.39,0,0,0,0,0,0,0.39,0,0.39,0,0,0,3.14,0.39,1.18,0.39,0.39,0.39,0.39,0.39,0.39,0.39,0.39,0.39,0.78,0,0.78,0.39,0,1.96,0.78,0,0.78,0,0,0,0.645,0.581,0,0.129,0,0,2.895,16,249
0,0,0,0,0,0,1.94,0,0,0,0,0,0,0,0,2.91,3.88,0,1.94,0,1.94,0,0,1.94,0,0,0,0,0,0,0,0,0,0,0,0,0,0,0,0.97,0,0,0,0,0.97,0,0,0,0,0.13,0,0.52,0.13,0,6.266,26,94
0,0.44,0.44,0,0,0,0,0,0,0,0,0.88,1.32,0,0,0,0,0.88,3.96,0,3.08,0,0.44,0,0,0,0,0,0,0,0,0,0,0,0,0,0,0,0,0,0,0,0,0,0,0,0,0,0,0.074,0,0.669,0.297,0,3.666,82,165
0,0.65,0.98,0,0.32,0,0,0,0,0,0,0.65,0,0,0,0.32,0,1.3,2.61,0,1.3,0,0,0,0,0,0,0,0,0,0,0,0,0,0,0,0,0,0,0,0,0,0,0,0.32,0,0,0,0,0.053,0,0.477,0,0,4.273,121,312
0,0,0,0,0.89,0,0,0,0,0,0,0.89,0,0,0,0,0,0,1.78,0,2.67,0,0,0,0,0,0,0,0,0,0,0,0,0,0,0,0,0,0,0,0,0,0,0,0,0,0,0,0,0.121,0,1.336,0,0,6.611,51,238
0.33,0,0.33,0,0,0,0.66,0,0,0,0,1.32,0,0,0,0.66,0.99,0,2.64,0,0.99,0,0.66,0,0,0,0,0,0,0,0,0,0,0,0,0,0,0,0.66,0,0,0,0,0,0,0,0,0,0,0.116,0,0.406,0.464,0.348,6.932,43,513
0,0.66,0.66,0,1.33,0.33,0.33,0,0.33,0,0.33,0.33,0,0,0,0.33,0.66,1,1,1,2,0,0,0,0,0,0,0,0,0,0,0,0,0,0,0,0,0,0,0,0,0,0,0,0.66,0,0,0,0,0.266,0,0.372,0.159,0,1.894,14,161
0,0,0,0,0,0,0,0,0,0,0,0,0,0,0,0,0,0,4.76,0,0,0,0,0,0,0,0,0,0,0,0,0,0,0,0,0,0,0,0,0,0,0,0,0,0,0,0,0,0,0,0,0,0,0,1,1,3
0,0.28,0.84,0,0.28,0,0.14,0,0,0.42,0.14,0,0.14,0,0.14,0.14,0,0.7,0.42,0.14,0.84,0,0,0,0,0,0,0,0,0,0,0,0,0,0,0,0,0,0,0.14,0,0,0,0,0,0,0,0,0,0,0,0.583,0,0.067,5.415,132,991
0.3,0,1.23,0,1.54,0.92,0.61,0.92,0.3,0.3,0,0.3,0,0,0,0,0.3,0,2.47,0.92,0.92,0,1.23,0,0,0,0,0,0,0,0,0,0,0,0,0,0,0,0,0,0,0,0,0,0.3,0,0,0,0,0.045,0,0.728,0.182,0,4.339,60,243
0.09,0.38,0.57,0,0.48,0.38,0,0,0,0.38,0,1.53,0.19,0,0.09,0,0.09,0,3.55,0,1.24,0,0,0,0,0,0,0,0,0,0,0,0,0,0,0,0,0,0,0,0,0,0,0,0,0,0,0,0.038,0.038,0,0.246,0.894,0.012,4,70,640
0.05,0,0,0,0,0.1,0,0,0,0.1,0.05,0.48,0,0,0.05,0.21,0.1,0,1.62,0.05,1.08,0,0.21,0.05,2.05,0.48,0.05,0.16,0,0.16,0.27,0,0,0,0.21,0,0.27,0,0.16,0,0,0,0,0,0.05,0,0,0.1,0,0.289,0.015,0.062,0.046,0,2.007,32,1026
0,0,0,0,0,0,0,0,0,0,0,0,0,0,0,0,0,0,0.97,0,0.97,0,0,0,1.94,0.97,0,2.91,0,0,0,0,0,0,1.94,0,0,0,0,0,0,0,0,0,0,0,0,0,0,0.141,0,0,0,0,3.178,15,89
0,0,0,0,0,0,0,0,0,0,0,0,0,0,0,0,0,0,0,0,0,0,0,0,20,0,0,0,0,0,0,0,0,0,0,0,0,0,0,0,0,0,0,0,0,0,0,0,0,0,0,0,0,0,5.2,17,26
0,0,0,0,0,0,0,0,0,0.45,0,0,0,0,0,0,0,0,0.45,0,1.35,0,0,0,1.35,1.35,1.35,1.35,0.9,0.45,0.45,0.45,0,0.45,1.35,0.45,0.45,0,0.45,0.45,0,0.45,0.45,0,0.45,0,0,0,0,0.358,0.43,0,0,0.071,2.236,12,161
1.03,0,0,0,1.03,0,0,0,0,0,0,0,0,0,0,0,0,0,1.03,0,1.03,0,0,0,0,0,0,0,0,0,0,0,0,0,0,0,0,0,0,0,0,3.09,0,0,0,0,0,0,0,0.185,0,0.37,0,0,2.277,11,41
0,0,0,0,0,0,0,0,2.29,0,0,0.76,0,0,0,0,0,0,0,0,0,0,0,0,5.34,1.52,1.52,0.76,0.76,2.29,0.76,0.76,0,0.76,0.76,0.76,0,0,0.76,0.76,0,0,0,0,0.76,0,0,0,0,0.157,0,0,0,0,4.242,52,140
0,0,0,0,0,0,0.46,0,0,0,0,0.46,0,0,0,0,0,0,0.46,0,0,0,0,0,0.46,0,0.92,0,0,0,0,0,2.3,0,0,0,0.92,0,0.92,0,0,0,0.92,0,0.46,0,0,0,0.163,0.163,0,0.163,0,0.081,2.343,13,150
0,0,0,0,0.54,0.54,0,0,0,0,0,1.09,0,0,0,0,0,0,1.63,0,0.54,0,0,0,0,0,0,0,0,0,0,0,0,0,0,0,0,0,0,0,0,0.54,0,0,0,0,0,0,0.299,0.199,0,0,0,0,1,1,14
0.53,0,0,0,0,0,0,0,0,0,0,1.07,0,0,0,0,0,0,0.26,0,0.26,0,0,0,1.61,0.8,1.88,0.53,0.53,0.53,0.53,0.53,1.88,0.53,0.53,0.53,0.8,0,0.8,0.53,0,0,0.8,0,0.8,0,0,0,0,0.412,0,0.091,0,0,2.225,12,227
0.31,0.31,0.94,0,0,0.62,0,0,0,0,0,0.31,0,0,0,0,0,0,2.83,0,0.31,0,0,0,1.88,0,0,0,0,0,0,0,0,0,0,0,0,0,0,0,0.31,0,0,0,0.31,0,0,0,0,0,0,0.096,0,0,2.368,45,180
0.43,0,0,0,0,0,0,0,0,0,0,1.29,0,0,0,0,0,0.43,1.29,0,1.29,0,0,0,0,0,0,0,0,0,0,0,0,0,0,0.86,0,0,0,0,0,0,0,0,0,0,0,0,0,0.122,0,0.061,0,0,1.456,13,67
0,0.81,0.61,0,0,1.02,0,0.2,0.4,0.61,0,2.25,0,0,0,0,0.61,0,2.86,0,1.02,0,0,0.2,0,0,0.2,0,0,0,0,0,0,0,0,0,0,0,0,0,0,0,0,0,0,0,0,0,0,0.095,0,0.158,0.063,0,2,31,156
2.32,0,0.77,0,1.55,0,0,0,0,0,0,0.77,0,0,0,0.77,0,0,2.32,0,0.77,0,0,0.77,0,0,0,0,0,0,0,0,0,0,0,0,0,0,0,0,0,0,0,0,0,0,0,0.77,0,0.134,0,0.671,0,0,129.5,515,518
0.52,0.42,0.35,0,0.14,0.03,0.03,0.1,0.56,0.8,0.28,0.7,0.56,1.19,0.03,0.24,0.45,0,3.19,0,1.43,0,0.38,0.63,0,0,0,0,0,0,0,0,0,0,0,0,0,0,0,0,0,0,0,0,0.07,0,0,0,0,0.077,0,0.453,0.543,0.119,6.305,286,2207
0,0,2.22,0,0,0,2.22,0,0,0,0,0,0,0,0,0,0,0,0,0,0,0,0,0,0,0,0,0,0,0,0,0,0,0,0,0,0,0,0,2.22,0,0,0,0,0,0,0,0,0,0,0,0,0.439,0,3,11,24
0,0,0,0,1.91,0,0.31,0.31,0,0.31,0.63,1.59,0.63,0,0.63,0,0.63,2.23,3.19,0,1.59,0,0.31,0,0,0,0,0,0,0,0,0,0,0,0,0,0,0,0,0.63,0,0,0,0,0,0,0,0,0,0.092,0,0.323,0,0,2.15,18,86
0,0,0,0,0,0,0,0,0,0,0,0,2.58,0,0,0,0,0,2.58,0,1.72,0,0.86,0,0,0,0,0,0,0,0,0,0,0,0,0,0,0,0,0,0,0,0,0,0,0,0,0,0.142,0,0,3.851,0,0,13.266,70,199
0,0.33,0.33,0,1.65,0.33,0.66,0,0,0.16,0.16,0.99,0,0,0,0.82,0.33,0.16,2.81,0,0.99,0,0.49,0.33,0,0,0,0,0,0,0,0,0.16,0,0,0,0,0,0,0,0,0,0,0,0,0,0,0,0,0.024,0.074,0.248,0.049,0.049,6.161,350,727
0,0,0.71,0,0.71,0,0,0,0,0,0,0,0,0,0,0.71,0,1.43,2.15,0,2.15,0,0,0,0,0,0,0,0,0,0,0,0,0,0,0,0,0,0,0,0,0,0,0,0,0,0,0,0,0,0.256,0.128,0,0,1.779,11,105
0,0,0.47,0,0.7,0,0.7,0.23,0,0,0,0.47,0,0,0,1.65,0.7,0.23,2.12,0,1.65,0,0,0.23,0,0,0,0,0,0,0,0,0,0,0,0.23,0,0,0,0,0,0,0,0,0.23,0,0,0,0,0.037,0.037,1.362,0.037,0,5.236,111,576
0,0,0,0,0.38,0.38,0.38,0.38,0,0,0.38,0,0,0,0,0.38,0,0,3.5,0,1.94,0,0,0.38,0,0,0,0,0,0,0,0,0,0,0,0,0,0,0,0,0,0,0,0,0,0,0,0,0,0,0,0.122,0,0,2.08,12,104
0.32,0,1.64,0,0.98,0,0.32,0,0.65,1.31,0,0,0,0,0,0,0,0,0.32,0.98,0.65,0,0,0,0.32,0,0,0,0,0,0,0,0,0,0,0,0,0,0,0,0,0,0,0,0,0,0,0,0,0,0,0.858,0.101,0,337.25,1146,1349
0.16,0.24,1.24,0,0.41,0.58,0.49,0.33,0.66,0.66,0.24,1.24,0.16,0,0.66,0.82,0.16,1.57,2.32,0.16,1.16,0,0.91,0.16,0,0,0,0,0,0,0,0,0,0,0,0,0,0,0,0.08,0,0,0,0,0.08,0,0,0,0,0.132,0,0.25,0.224,0.026,5.872,581,1339
0,0,1.63,0,0,0.65,0,0,0,0,0.32,0.32,0,0,0,0.32,0,0,1.96,0.98,2.94,0,1.3,0,0,0,0,0,0,0,0,0,0,0,0,0,0,0,0,0,0,0,0,0,0,0,0,0,0,0.11,0,0.276,0.83,0.166,3.8,33,228
0,0,0,0,0.39,0.39,0.39,0.39,0,0,0.39,0,0,0,0,0.39,0,0,3.52,0,1.96,0,0,0.39,0,0,0,0,0,0,0,0,0,0,0,0,0,0,0,0,0,0,0,0,0,0,0,0,0,0,0,0.124,0,0,1.94,12,97
0.17,0,0.17,0.17,1.44,0.34,0.05,0.05,0.05,0.05,0.05,0.51,0.28,0.05,0,0,0.69,0.05,4.14,0.23,1.09,0.17,0.74,0.05,0,0,0,0,0,0,0,0,0,0,0,0,0,0,0,0,0,0,0,0,0,0,0,0,0.01,0.05,0,0.01,0.161,0.03,2.051,51,521
0,0,0.72,0,2.91,0,0.72,0,0,0,0,0,0,0,0,1.45,0,0,0,0,0,0,0,0,0,0,0,0,0,0,0,0,0,0,0,0,0,0,0.72,0,0,0,0,0,0,0,0,0,0,0.373,0,0.124,0.124,0,1.781,12,114
0,0,0,0,0,0,0,0,0,1.35,0,0,0,0,0,1.35,0,0,1.35,0,0,0,2.7,0,1.35,1.35,0,0,0,0,0,0,0,0,0,0,0,0,0,0,0,0,0,0,0,0,0,0,0,0,0,1.836,0,0,3.285,19,92
0,0.53,0.53,0,0.8,0,0.26,0.26,0,0.26,0,0.53,0.53,0.53,0,0,0,0,2.15,0.26,0.8,0,0,0,0.26,0.26,0,0,0,0,0,0,0.53,0,0,0,0,0,0,0,0,0,0,0,0,0,0,0,0,0,0,0,0.04,0,2.779,21,164
0,0,0.89,0,1.79,0.44,0,0,0,0,0,0.44,0,0,0,1.34,0,0,2.24,0,4.48,0,0,0,0,0,0,0,0,0,0,0,0,0,0,0,0,0,0,0,0,0,0,0,0,0,0,0,0,0.075,0.075,0,0,0,1.968,11,124
0,0,0,0,0.43,0.43,0.43,0,0,0.43,0,0.43,0,0,0,0,0,0,0.87,0,0,9.17,0,0,0,0,0,0,0,0,0,0,0,0,0,0,0,0,0,0,0,0,0,0,0,0,0,0,0,0,0,0.065,0,1.047,9.269,89,482
0,0,0.67,0,0.27,0.27,0.13,0,0.13,0.27,0,0.4,0.4,0,0,0,0.27,0,0,0,0,0,0.27,0,0,0,0,0,0,0,0,0,0,0,0,0,0,0,0,0,0,0,0,0,0,0,0,0,0,0.109,0,0.021,0,0,1.728,12,204
0,0.67,0.67,0,0.5,0,0.16,0.16,0,0,0,0.33,0.67,0.67,0.5,0,0,0,2.52,0.5,1.51,0,0,0.16,0,0,0,0,0,0,0,0,0.33,0,0,0,0,0,0,0,0,0,0,0,0,0,0,0,0,0,0,0.079,0.105,0.052,2,32,260
0,0,1.47,0,0,1.1,0.36,0,0,0,0.36,0.36,0,0,0,0.36,0,0,2.21,1.1,2.95,0,1.47,0,0,0,0,0,0,0,0,0,0,0,0,0,0,0,0,0,0,0,0,0,0,0,0,0,0,0.124,0,0.435,0.932,0.186,2.932,33,173
0,0,0.56,0,0,0,0,0,0,1.12,0,0,0,0,0,0,0,0,1.69,0,0.56,2.25,0,0,0,0,0,0,0,0,0,0,0,0,0,0,0,0,0,0,0,0,0,0,0,0,0,0,0,0.493,0.197,0.394,0,0.394,3.537,22,237
0,0,0,0,3.69,0.56,0,0.56,0.56,0.56,0,0,0,0,0,0,3.4,0,0.85,1.13,0.56,0,0,0.28,0,0,0,0,0,0,0,0,0,0,0,0,0,0,0,0,0,0,0,0,0,0,0,0,0,0.092,0,0.371,0.046,0,14.58,97,452
0.26,0.08,0.26,0,0.53,0.08,0.08,0.08,0.97,0.62,0.08,1.15,0.08,0.7,0.17,0.35,0.08,0,4.16,0.26,2.21,0,0.17,1.5,0,0,0,0,0,0,0,0,0,0,0.08,0,0,0.08,0,0,0,0,0,0,0,0,0,0,0,0.044,0,0.339,0.162,0.014,4.137,74,753
0,0,0,0,0.52,0,0,0,0,0,0,0,0,0.52,0,0.52,0,0,0,0,0,0,0,0,0,0,0,0,0,0,0,0,0.52,0,0,0,0,0,0,0,0,0,0.52,0,0,1.56,0,0,0,0.077,0,0.077,0,0,1.388,11,75
0,0,0.55,0,0.22,0.22,0.11,0,0.11,0.22,0,0.33,0.33,0,0,0,0.22,0,0,0,0,0,0.55,0,0,0,0,0,0,0,0,0,0,0,0,0,0,0,0,0,0,0,0,0,0,0,0,0,0,0.16,0,0.035,0.124,0,1.98,14,305
0,0,0,0,0.64,0,0.64,0,0,0,0,0.64,0.64,0,0,0,0,0,3.89,1.29,1.29,0,0,0,0,0,0,0,0,0,0,0,0,0,0,0,0,0,0,0.64,0,0,0,0,0.64,0,0,0,0,0.115,0,0.921,0.345,0,1.833,11,55
0.09,0,0.27,0,0.36,0.09,0,0.18,0.09,0,0,0.72,0,0.36,0,0,0,0,2,0,3.27,0,0.36,0.09,0,0,0,0,0,0,0,0,0,0,0,0,0,0,0,0,0,0,0,0,0.27,0,0,0,0.015,0.047,0.031,0.252,0.031,0.031,3.816,69,542
1.18,0.39,0.59,0,0,0.98,0.19,0.19,1.38,0.39,0,0.98,0,0.19,0,0.98,0,0,2.56,0.39,1.38,0,0,1.38,0,0,0,0,0,0,0,0,0,0,0,0,0,0,0,0,0,0,0,0,0,0,0,0,0,0.238,0,0.766,0.317,0.026,6.652,76,632
0,0.31,0,7.18,0,0,0.31,0.62,0,1.25,0,0,0,0,0,0,0,0.62,0.93,0,0.62,0.31,0,0.31,0,0,0,0,0,0,0,0,0,0,0.62,0,0,0,0,0.31,0,0,0,0,0,0,0,0,0,0.183,0,0.61,0,0.122,9.218,51,507
0,0.27,0.82,0,1.37,0,0.82,0,0,0.82,0,0.82,0,0,0,0.82,0.27,0,2.75,0,1.1,0,0.82,0.27,0,0,0,0,0,0,0,0,0.27,0,0,0,0,0,0,0,0,0,0,0,0,0,0,0,0,0.235,0,0.235,0.188,0,5.622,124,298
0.08,0.08,0.76,0,0.85,1.02,0.25,0.17,0.59,0.08,0.17,0.59,0.17,0,2.21,0.25,0.08,0.93,1.61,0.17,0.42,0,0.85,0.08,0,0,0,0,0,0,0,0,0,0,0,0,0,0,0,0.08,0,0,0.17,0.08,0.08,0.08,0,0,0,0.065,0,0.408,0.118,0.013,7.55,669,1412
0,0.56,0.28,0,0,0,0.56,0,0,0.56,0.28,0.56,0.28,0,0,1.41,0.28,0,1.97,0,1.12,0,0,0,0,0,0,0,0,0,0,0,0,0,0,0,0,0,0,0,0,0,0,0,0.28,0,0,0,0,0.118,0,0.158,0,0.158,9.25,394,555
0,0.51,0,0,0.51,0.51,1.02,0,0,0,0,0,0,0,0,0,0,0.51,0.51,0,0.51,0,0.51,0,0,0,0,0,0,0,0,0,0,0,0,0,0,0,0,0,0,0,0,0,0,0,0,0,0,0.142,0,0.071,1.212,0,7.025,130,281
0.34,0,1.7,0,1.02,0,0,0,0.68,1.02,0,0,0,0,0,0,0,0,0.34,1.02,0.68,0,0,0,0.34,0,0,0,0,0,0,0,0,0,0,0,0,0,0,0,0,0,0,0,0,0,0,0,0,0,0,0.898,0.105,0,443.333,1325,1330
0.08,0.08,0.76,0,0.85,1.02,0.25,0.17,0.59,0.08,0.17,0.59,0.17,0,2.21,0.25,0.08,0.93,1.61,0.17,0.42,0,0.85,0.08,0,0,0,0,0,0,0,0,0,0,0,0,0,0,0,0.08,0,0,0.17,0.08,0.08,0.08,0,0,0,0.065,0,0.408,0.118,0.013,7.55,669,1412
0.43,0.43,0.43,0,0.14,0.1,0.03,0.07,0.54,1.01,0.28,0.79,0.47,1.19,0.03,0.25,0.39,0,3,0,1.3,0,0.39,0.57,0,0,0,0,0,0,0,0,0,0,0,0,0,0,0,0,0,0,0,0,0.1,0,0,0,0.011,0.077,0,0.458,2.33,0.113,6.601,266,2370
0.46,0.93,0.93,0,0.46,0,0,0.46,0,1.86,0,2.33,0,0.46,0,0.46,0,0,1.86,0,5.14,0,0,0,0,0,0,0,0,0,0,0,0,0,0,0,0,0,0,0,0,0,0,0,0,0,0,0,0,0.252,0,1.683,0.168,0.084,57.076,634,742
0,0,0.73,0,0,0,0.73,0,0,0,0,0,0,0,0,2.2,0,0,1.47,0,1.47,0,0,0,0,0,0,0,0,0,0,0,0,0,0,0,0,0,0.73,0,0,0,0,0,0,0,0,0,0,0,0,0.088,0,0,3.048,29,125
0,0,0.73,0,0,0.73,0.73,0,0,0,0,0,0,0,0,0.73,0,0,1.47,0,0,0,0.73,0,0,0,0,0,0,0,0,0,0,0,0,0,0,0,0,0,0,0,0,0,0,0,0,0,0,0,0,0.875,0.109,13.129,2.08,12,52
0,0,0.51,0,0.51,0,0,0.51,0,0,0,1.02,0,0,2.05,0,0,0.51,2.56,0,2.56,0,1.53,0,0,0,0,0,0,0,0,0,0,0,0,0,0,0,0.51,0.51,0,0,0,0,0.51,0,0,0,0,0.189,0,0.094,0.473,0,5.038,60,131
0.31,0,0.63,0,0.47,0.47,0.15,0.79,0.15,0.63,0.31,1.42,0,0,0,0,1.58,0,2.05,1.58,3.95,0,0.15,0.47,0,0,0,0,0,0,0,0,0,0,0,0,0,0,0,0.15,0,0,0,0,0.15,0,0,0,0,0.076,0,1.3,0.127,0,5.241,97,650
0.1,0,0.1,0,0.4,0.1,0.1,0,0.2,0.2,0.4,0.5,0,0.6,0,0.91,0.2,0,1.72,4.26,1.72,0,0.4,0.2,0,0,0,0,0,0,0,0,0,0,0,0,0,0,0,0,0,0,0,0,0,0,0,0,0,0.096,0,0.336,0.16,0,6.758,494,1426
0.06,0.65,0.71,0,0.39,0.65,0.52,0.19,1.04,0.52,0.06,0.39,0.32,0,1.17,0.13,0.06,1.1,1.3,0,1.04,0,0.52,0.19,0,0,0,0,0,0,0,0,0,0,0,0,0,0,0,0.06,0,0,0,0,0,0.06,0,0,0,0.085,0,0.287,0.106,0,4.742,117,1342
1.23,0,0,0,0,0,0,0,0,0,0,2.46,0,0,0,0,0,0,6.17,0,2.46,0,0,0,0,0,0,0,0,0,0,0,0,0,0,0,0,0,0,0,0,0,0,0,0,0,0,0,0,0,0,0.843,0,0,2,19,106
0,0,0,0,0,0,0,0,0,0,0,0,0,0,0,2.04,0,0,1.02,1.02,0,0,0,0,0,0,0,0,0,0,0,0,0,0,0,0,0,0,0,0,0,0,0,0,0,0,0,0,0,0.174,0,0.174,0,0,1.787,7,59
0,0,0,0,0,0,0,0,0,0,0,0,0,0,0,1.96,0,0,0.98,0.98,0,0,0,0,0,0,0,0,0,0,0,0,0,0,0,0,0,0,0,0,0,0,0,0,0,0,0,0,0,0.173,0,0.173,0,0,1.787,7,59
0,0.39,1.17,0,0.39,0,0,0,0,0.78,0.78,0.78,0,0,0.39,3.51,0,0,1.17,0,1.17,0,0,0,0,0,0,0,0,0,0,0,0,0,0,0,0,0,0,0,0,0,0,0,0.39,0,0,0,0,0.066,0,0.864,0.132,0.066,5.87,44,364
0,0,0,0,0,0,0,0,0,0,0,1.42,0,0,0,1.42,0,0,0,0,0,0,0,0,0,0,0,0,0,0,0,0,0,0,0,0,0,0,0,0,0,0,0,0,0,0,0,0,0,0,0,0,0,0,2.058,5,35
0.09,0,0.09,0,0.39,0.09,0.09,0,0.19,0.29,0.39,0.48,0,0.58,0,0.87,0.19,0,1.66,4.1,1.66,0,0.39,0.19,0,0,0,0,0,0,0,0,0,0,0,0,0,0,0,0,0,0,0,0,0,0,0,0,0,0.14,0,0.326,0.155,0,6.813,494,1458
0.1,0,0.41,0,0.1,0.1,0.1,0.52,0.1,0,0,0.62,0,0.2,0,0,0.1,0,0,0,0,0,0.73,0,0,0,0,0,0,0,0,0,0,0,0,0,0,0,0,0,0,0,0,0,0,0,0,0,0,0.048,0,0.016,0.064,0,1.915,29,339
0,0,1.11,0,1.11,0,0.74,0,0,0,0.74,0.37,0,0,0,0,0.37,0,3.35,2.98,2.61,0,0,0.37,0,0,0,0,0,0,0,0,0,0,0,0,0,0,0,0,0,0,0,0,0,0,0,0,0,0,0,0.368,0.552,0,1.58,7,79
0,0.37,1.11,0,0.37,0,0,0,0,0.74,0.37,0.74,0,0,0.37,3.34,0,0,0.74,0,1.48,0,0,0.37,0,0,0,0,0,0,0,0,0,0,0,0,0,0,0,0,0,0,0,0,0,0,0,0,0,0.292,0,0.878,0.175,0.058,5.985,58,425
0,0,0,0,0,0,0,0,0,0,0,0,0,0,0,0,0,0,3.7,0,0,0,0,0,0,0,0,0,0,0,0,0,0,0,0,0,0,0,0,0,0,0,0,0,0,0,0,0,0,0,0,4.733,0,0,2.666,11,24
0.17,0,0.51,0,0.17,0,0.17,0.34,0.17,0,0,0,0,0.34,0,0,0,0,0,0,0,0,0.34,0,0,0,0,0,0,0,0,0,0,0,0,0,0,0,0,0,0,0,0,0,0,0,0,0,0,0.026,0,0,0,0,1.559,10,145
0.9,0,0.9,0,0.9,0,0.9,0,0,0,0,0,0,0,0,0,0,0,5.45,0,0,2.72,0,0,0,0,0,0,0,0,0,0,0,0,0,0,0,0,0,0,0,0,0,0,0,0,0,0,0,0.153,0,2.143,0.612,0.459,10.125,54,162
0.47,0.95,0.95,0,0.47,0,0,0.47,0,1.91,0,2.39,0,0.95,0,0.47,0,0,1.91,0,5.26,0,0,0,0,0,0,0,0,0,0,0,0,0,0,0,0,0,0,0,0,0,0,0,0,0,0,0,0,0.252,0,1.683,0.168,0.084,57.23,636,744
0.75,0,0.37,0,0,0,0,0,0,0,0,0,0.37,0,0,0,0,0,1.12,0,1.87,0,0,0,0.75,0.37,1.87,0.37,0.37,0.37,0.37,0.37,0,0.37,0.37,0.37,0.75,0,0.37,0.37,0,0,2.63,0,0.75,0,0,0,0,0.305,0,0.061,0,0,1.903,13,118
0,0,0,0,0,0,0,0,0,0.73,0,0,0,0,0,0,0,0,0,0,0,0,0,0,2.2,2.2,1.47,2.2,1.47,0.73,0.73,0.73,0,0.73,2.2,0.73,0.73,0,0.73,0.73,0,0.73,0.73,0,0.73,0,0,0,0,0.555,0.666,0,0,0.111,2.351,12,127
0,0,0,0,0,0,0,0,0,0,0,0,0,0,0,0,0,0,0,0,0,0,0,0,0,0,0,0,0,0,0,0,0,0,0,0,0,0,0,0,0,0,0,0,0,0,0,0,0,0,0,0,0,0,2,3,4
0,0,0,0,0,0,0,0,0,0,0,0.68,0,0,0,0,0.68,0,0.68,0,0,0,0,0,0,0,0,0,0,0,0,0,0,0,0,2.04,0,0,0,0,0,0,0,3.4,0,0,0,0.68,0,0.086,0,0,0,0,1.41,5,79
0,0,2.91,0,0,0,0,0,0,0,0,0,0,0,0,0,0,0,1.94,0,0,0,0,0,0,0,0,0,0,0,0,0,0,0,0,0,0,0,0,0,0,0,0,0,0,0,0,0,0,0.389,0,0.389,0,0,1.26,3,29
0,0,0,0,0,0,0,0,0,0,0,0,0,0,0,0,0,0,0,0,1.51,0,0,0,0,0,1.51,0,0,0,0,0,0,0,0,0,0,0,0,0,0,0,0,0,1.51,0,0,0,0.3,0,0,0,0,0,1.611,5,29
0.24,0,0.12,0,0,0.12,0.24,0,0,0,0,0.37,0,0,0,0,0,0,0.86,0,0.24,0,0,0,1.24,0.62,0.49,0.24,0.24,0.24,0.24,0.24,0.37,0.24,0.24,0.24,0.24,0,0.24,0.24,0,0.12,0.24,0.86,0.24,0,0,0,0.018,0.297,0.055,0,0,0,1.801,13,227
0,0,0,0,0,0,0,0,0,0,0,3.12,0,0,0,0,0,0,1.56,0,0,0,0,0,0,0,0,0,0,0,0,0,0,0,0,0,0,0,0,0,0,0,1.56,0,0,0,0,0,0,0,0,0.27,0,0,1.5,4,30
0.3,0,0.15,0,0,0.15,0.3,0,0,0,0,0.3,0,0,0,0,0,0,0.75,0,0.3,0,0,0,0.75,0.3,0.3,0.15,0.15,0.15,0.15,0.15,0.45,0.15,0.15,0.15,0.15,0,0.15,0.15,0,0,0.15,0.75,0.15,0,0,0,0,0.328,0.046,0,0,0,1.703,12,155
0,0,0,0,0,0,0,0,0,0,0,0,0,0,0,0,0,0,4.87,0,0,0,0,0,0,0,7.31,0,0,0,0,0,0,0,0,0,2.43,0,0,0,0,0,0,0,2.43,0,0,0,0,0,0,0,0,0,1.461,5,19
0,0,0.7,0,0,0.14,0,0,0.28,0,0,3.08,0.14,0.28,0,0,0.14,0,0,0,0,0,0,0,0.98,0,0,0,0.14,0.14,0,0,0,0,0,0.7,0.28,0,0,0,0,0,0,0,0,0,0,0,0.054,0.199,0,0,0,0,1.82,18,304
0,0,0,0,0,0,0,0,0,0,0,0,0,0,0,0,0,0,0,0,0,0,0,0,2.56,2.56,0,1.28,0,0,0,0,0,0,1.28,1.28,0,0,0,0,0,0,0,2.56,0,0,0,0,0,0.552,0,0,0,0,2.093,11,90
0,0,0,0,0,0,0,0,0,0.29,0,0,0,0,0,0,0,0,0.58,0,0.58,0,0,0,3.51,2.34,0.87,2.34,0.58,1.17,0.58,0.58,0,0.58,1.17,0.58,0.29,0,0.87,0.58,0,0.87,0.29,0,0.58,0,0,0,0.091,0.637,0.045,0,0,0,3.552,37,373
0,0,1.58,0,0,0,0,0,0,0,0,0.79,0,0,0,0,0,0,1.58,0,0,0,0,0,0.79,0.79,0,0,0,0,0,0,0,0,0,0,0,0,0,0,0,0,0,0,0,0,0,0,0,0.149,0,0.149,0,0,1.482,10,43
0,0,0,0,0,0,0,0,0,0,0,0,0,0,0,0,0,0,3.33,0,0,0,0,0,0,0,0,0,0,0,0,0,0,0,0,0,0,0,0,0,0,0,0,0,0,0,0,0,0,0,0,0,0,0,1.375,4,11
0,0,0,0,0.33,0,0,0,0,0,0,0.33,0,0,0,0.33,0,0.33,0.33,0,0.33,0,0,0,0.99,0.33,0,0.66,0,0.33,0,0,0,0,0.33,0,0,0,0,0,0,0,0,0.33,0,0,0,0,0,0.13,0.043,0,0,0,2.016,19,125
0,0,0,0,0,0,0,0,0,0,0,0,0,0,0,0,0,0,0,0,0,0,0,0,0,0,0,0,0,0,0,0,0,0,0,0,0,0,0,0,0,0,0,0,0,0,0,0,0.325,0,0,0,0,0,1,1,14
0,0,1.23,0,0,0,0,0,0,0,0,2.46,0,0,0,0,0,2.46,1.23,0,1.23,0,0,0,2.46,1.23,0,1.23,0,1.23,1.23,0,0,0,1.23,1.23,2.46,0,0,0,0,0,0,0,0,0,0,0,0,0.139,0,0.278,0,0,1.736,10,66
0.17,0.35,0,0,0,0,0,0,0,0.35,0,0.17,0,0,0,0,0,0,1.94,0,0.7,0,0,0.17,0.17,0.17,0.88,0,0,0.17,0,0.17,0,0.17,0,0,0.35,0,0,0,0,0,0,0,0.53,0.17,0,0,0,0.031,0,0.031,0,0,1.564,21,194
0,0,0,0,0,0,0,0,0,0,0,0,0,0,0,0,0,0,0,0,0,0,0,0,0,0,0,0,0,0,0,0,0,0,0,0,0,0,0,0,0,0,0,0,3.33,0,0,0,0,0,0,0,0,0,1.6,7,16
0.17,0,0.51,0,0.17,0,0,0,0,1.36,0,0.17,0,0,0,0.17,0.34,0,1.19,0,0.85,0,0,0,1.53,0.68,0,0,0,0,0,0,0,0,0,0,0,0,0,0,0,0,0,0,0,0,0,0,0.027,0.111,0,0.167,0,0,1.894,22,216
0.25,0,0,0,0.25,0.25,0,0,0,0,0,0.51,0,0.25,0,0,0,0.25,0.51,0,0.25,0,0,0,0,0.25,0,0,0,0,0,0,0.25,0,0,0,0,0,0,0,0.25,0,0,0,0,0.25,0,0.25,0,0.082,0,0,0,0.041,1.287,4,85
0,0,1.56,0,0,0,0,0,0,0,0,0,0,0,0,0,0,0,0,0,0,0,0,0,0,0,0,0,0,0,0,0,0,0,0,0,0,0,0,0,1.56,0,0,0,0,1.56,0,0,0,0,0,0,0,0,1.75,3,21
0,1.61,3.22,0,0,0,0,0,0,0,0,1.61,0,0,0,0,0,3.22,3.22,0,0,0,0,0,0,0,1.61,0,0,0,0,0,0,0,0,0,0,0,0,0,0,0,0,0,1.61,1.61,0,0,0,0,0,0,0,0,1.083,2,13
0,0,0,0,0.66,0,0,0,0,0,0,0,0,0,0,0,0,0,4.63,0,3.31,0,0,0,2.64,1.98,1.32,0.66,0.66,0.66,0.66,0.66,0,0.66,0.66,0.66,0,0,0.66,0.66,0,0,0,0,0.66,0,0,0,0,0.293,0,0,0,0,3.968,34,127
0,0,0,0,0,0,0,0,0,0,0,0.68,0,0,0,0,0,0,0.34,0,0,0,0,0,0.68,0.34,0,0.68,0,0.34,0,0,0.34,0,0.34,0.34,0,0,0,0,0,0,0,0,0,0,0,0,0.048,0,0,0,0,0,2.147,11,131
0,0,0,0,0,0,0,0,0,0,0,0,0,0,0,0,0.72,0,0,0,0,0,0,0,0.72,0,0,0,0,0,0,0,0,0,0,0,0,0.72,0,0,0,0,0,0,0,0,0,0,0,0,0,0,0,0.395,2.333,8,119
0,0,0,0,0,0,0,0,0,0,0,0,0,0,0,0,0,0,0,0,0,0,0,0,5.4,0,0,0,0,0,0,0,0,0,0,0,0,0,0,0,0,0,0,0,0,0,0,0,0,0,0,0.396,0,0.396,2.533,10,38
0,0,0,0,0,0,0,0,0,0,0,0,0,0,0,0,0,0,4.76,0,0,0,0,0,0,0,0,0,0,0,0,0,0,0,0,0,0,0,0,0,0,0,0,0,0,0,0,0,0,0,0,0,0,0,50,99,100
0,0,0,0,2.25,0,0,0,0,0.75,0,0,0,0,0,0,0,0,1.5,0,0,0,0,0,0.75,0.75,1.5,1.5,0,0,0,0,0,0,0.75,0,0,0,0,0,0,0,0,0,0,0,0,0,0,0.128,0,0,0.128,0.128,3.657,28,128
0,0,0,0,0.56,0,0,0,0,0,0,2.27,0,0,0,0,0,0,1.98,0,0.28,0,0,0,0.85,0.85,0.85,0,0,0.28,0,0,0,0,0,0,0,0,0,0,0,0,0.28,0,0.28,0,0,0,0,0.09,0.135,0,0,0,1.962,15,155
0,0,0,0,0,0.65,0,0.65,0,0.65,0,1.97,0,0,0,0,0,0,0,0,0,0,0,0,0,0,0.65,0,0,0,0,0,0,0,0,0,0,0,0,0,0,0,0,0,0.65,0,0,0,0.108,0.108,0,0,0.108,0,1.924,9,102
0,0,1.49,0,0,0.37,0,0,0,0,0,0.74,0.37,0,0,0,0,0,2.24,0,0.74,0,0,0,0,0,0,0,0,0,0,0,0,0,0,1.49,0,0.37,0,0,0,0,0,0,0,0,0,0,0,0.06,0,0,0,0,1.79,5,111
0,0,0,0,0,0,0,0,0,0,0,0,0,0,0,0,0,0,0,0,0,0,0,0,0,0,0,0,0,0,0,0,0,0,0,0,0,0,0,0,0,0,0,0,0,0,0,0,0,0.344,0,0,0,0,1.88,13,47
0.87,0.43,0,0,0,0,0,0,0,0.43,0,0.87,0,0,0,0,0,0,3.5,0,1.31,0,0,0,1.31,0.43,0,0,0,0,0,0,0,0,0.43,0,0,0,0,0,0,0,0,0,0,0,0,0,0,0.19,0,0,0,0,2.085,25,73
0,6.34,0,0,0,0,0,0,0,0,0,0,0,0,0,0,0,0,1.58,0,0,0,0,0,1.58,1.58,1.58,1.58,1.58,1.58,1.58,3.17,0,3.17,1.58,1.58,0,0,0,1.58,0,0,0,0,0,0,0,0,0,0.431,0,0,0,0.215,3.461,12,90
0.32,0,0,0,0.32,0,0,0,0,0,0,0.32,0,0,0,0,0,0,0.96,0,2.56,0,0,0,0,0,0.64,0,0,0,0,0,0,0,0,0,0,0,0,0,0,0,0,0,0,0,0,0,0,0.234,0,0.058,0,0,1.068,3,47
0,0,0,0,0,0,0,0,0,0,0,0,0,0,0,0,0,0,0,0,0,0,0,0,0,0,25,0,0,0,0,0,0,0,0,0,0,0,0,0,0,0,0,0,0,0,0,0,0,0,0,0,0,0,2,4,6
0.28,0,0,0,0.28,0,0,0,0.28,0,0.28,3.97,0,0,0,0,0,0,3.97,0,0.85,0,0,0,0.28,1.13,0,0,0,0,0,0,0,0,0,0,0.28,0,0.28,0,0,0,0,0.28,0,0,0,0.28,0,0,0,0.08,0,0,2.396,16,139
0,0,0,0,0,0,0,0,0,0,0,0,0,0,0,0,0,0,0,0,0,0,0,0,1.53,6.15,0,0,0,0,0,0,0,0,0,0,1.53,0,0,0,0,0,0,0,0,0,0,0,0,0,0,0,0,0,1.714,6,36
0,0,0,0,0,0,0,0,0,0,0,0,0,0,0,0,0,0,0,0,0,0,0,0,0,0,0,0,0,0,0,0,0,0,0,0,0,0,0,0,0,0,0,0,0,0,0,0,0,0.552,0,0,0,0,1,1,4
0,0,0.97,0,0,0,0,0,0,1.94,0,0.97,0,0,0,0,0,0.97,5.82,0,0.97,0,0,0,0,0,0,0,0,0,0,0,0,0,0,0,0,0,0,0,0,0,0,0,0,0,0,0,0,0.293,0,0,0,0,2.187,14,70
0,0,0,0,0,0,0,0,0,0,0,0.33,0,0,0,0,0,0,0,0,0,0,0,0,0,0,0,0,0,0.11,0,0,0.22,0,0,0.33,0.11,0,0,0,0,0.11,0,0,0,0,0,0,0.053,0.16,0,0,0,0,2.367,24,651
0,0,0.32,0,0.32,0,0,0,0,0,0,0.64,0,0,0,0,0,0,0.32,0,0,0,0,0,0.64,0.64,0,0,0,0,0,0,0,0,0,0.32,0.64,0,0,0,0,0,0,0,0,0,0,0,0,0.04,0,0,0,0,1.677,10,156
0,0,0,0,0,0,0,0,0,0.91,0,0,0,0,0,0,0,0,1.83,0,0,0,0,0,1.83,0.91,2.75,0.91,0.91,0.91,0.91,0.91,0,0.91,0.91,0.91,0.91,0,0.91,0.91,0,0,0.91,0,0.91,0,0,0,0,0.46,0,0,0,0,1.918,13,71
0,0,0.36,0,0.36,0,0,0,0,0,0,0.36,0,0,0,0,0,0,0,0,0,0,0,0,6.25,5.51,0,0,0,0,0,0,0,0,0,0,1.47,0,0,0,0,0,0,0,0,0,0,0,0.279,0.767,0.139,0,0,0,3.722,20,268
0,0,0,0,0,0,0,0,0,0,0,0,0,0,0,0,0,0,0,0,0,0,0,0,0,0,16.66,0,0,0,0,0,0,0,0,0,0,0,0,0,0,0,0,0,0,0,0,0,0,0,0,0,0,0,1,1,5
0,0,0,0,0,0,0,0,0,0,0,2.81,0,0,0,0.35,0,0.35,0.35,0,0,0,0,0,0.35,0,0,0,0,0,0,0,0,0,0,0,0.35,0,0,0,0,0,0,0,0,0,0,0,0,0.293,0,0,0,0,1.226,5,146
0,0,0,0,0,0,0,0,0,0,0,1.75,0,0,0,0,0,0,0,0,0,0,0,0,0,0,0,0,0.87,0,0,0,0,0,0,0,0,0,1.75,0,0,0,0,0,0,0,0,0.87,0,0,0,0,0,0,1.795,11,79
0,0,0,0,0,0,0,0,0,0,0,0.35,0,0,0,0,0,0,0.35,0,1.06,0,0,0,1.41,1.06,0.7,0.35,0.35,0.7,0.35,0.35,0.35,0.35,0.35,0.35,0.35,0,0,0.35,0,0,0.35,0,0.7,0,0,0,0,0.222,0.055,0,0,0,1.506,12,119
0.47,0.94,0.94,0,0.47,0,0,0.47,0,1.88,0,2.35,0,0.47,0,0.47,0,0,1.88,0,5.18,0,0,0,0,0,0,0,0,0,0,0,0,0,0,0,0,0,0,0,0,0,0,0,0,0,0,0,0,0.252,0,1.68,0.168,0.084,57.23,636,744
0,0,0.89,0,1.78,0.44,0,0,0,0,0,0.44,0,0,0,1.33,0,0,2.23,0,4.46,0,0,0,0,0,0,0,0,0,0,0,0,0,0,0,0,0,0,0,0,0,0,0,0,0,0,0,0,0.074,0,0,0,0,2.25,12,144
0,0,0,0,0,0,0,0,0,0,0,1.33,0,0,0,1.33,0,0,2.66,0,4,0,0,0,0,0,0,0,0,0,0,0,0,0,0,0,0,0,0,0,0,0,0,0,0,0,0,0,0,0,0,1.326,0,0,2.2,11,44
0.41,0.41,0.41,0,0.13,0.1,0.03,0.06,0.52,0.94,0.27,0.76,0.45,1.15,0.03,0.24,0.41,0.03,2.99,0,1.25,0,0.34,0.59,0,0,0,0,0,0,0,0,0,0,0,0,0,0,0,0,0,0,0,0,0.1,0,0,0,0.011,0.076,0,0.425,0.573,0.112,5.761,131,2224
0.31,0,0,0,0.94,0,0,0,0,0,0.31,0,0,0,0,0.31,0,0.31,3.76,0.31,0.62,0,0,0.62,0,0,0,0,0,0,0,0,0,0,0.31,0,0,0,0,0,0,0,0,0,1.25,0,0,0,0,0.055,0,0.055,0.111,0,2.358,32,125
0,2.08,0,0,3.12,0,1.04,0,0,0,0,2.08,0,0,0,0,0,4.16,2.08,0,1.04,0,0,0,0,0,0,0,0,0,0,0,0,0,0,0,0,0,0,0,0,0,0,0,0,0,0,0,0,0,0,0.263,0,0,1.428,4,20
0,0,0.76,0,0.76,0,0.5,0.5,0,1.01,0,0.25,1.52,0,0.76,0,0,1.52,2.03,0,1.52,0,0.76,0,0,0,0,0,0,0,0,0,0,0,0,0,0,0,0,0.5,0,0,0,0,0,0,0,0,0,0.078,0,0.433,0.433,0,2.441,19,249
0.31,0,0.63,1.91,0.21,0,0,0,0.42,0.1,0,0.31,0,0,0,0.53,0,0,1.7,0,1.06,0,0,0.21,0,0,0,0,0,0,0,0,0,0,0,0,0,0.1,0,0,0,0,0.1,0,0,0,0,0,0,0.169,0,0.358,0.188,0.075,2.847,75,447
0.51,0.43,0.29,0,0.14,0.03,0,0.18,0.54,0.62,0.29,0.65,0.65,1.2,0.03,0.21,0.43,0.03,3,0,1.35,0,0.51,0.54,0,0,0,0,0,0,0,0,0,0,0,0,0,0,0,0,0,0,0,0,0.03,0,0,0,0.012,0.08,0,0.454,0.523,0.136,6.59,739,2333
0,0,0,0,0,0.65,0,1.3,0.65,0.65,0,0,0,0,0,0.65,2.61,0.65,1.3,3.26,1.3,0,0,0,0,0,0,0,0,0,0,0,0,0,0,0,0,0,0,0.65,0,0,0,0,0,0,0,0,0,0,0,1.154,0.524,0,3.89,78,249
2.35,0,0,0,0,0,2.35,0,2.35,0,0,1.17,0,0,0,1.17,0,0,2.35,0,0,0,2.35,0,0,0,0,0,0,0,0,0,0,0,0,0,0,0,0,0,0,0,0,0,0,0,0,0,0,0,0,0.168,0.336,0,4.576,17,119
0,0,0,0,0,0,0,0,0,0,0,0,0,0,0,0.25,0,0,0,0,0,8.29,0.51,0,0,0,0,0,0,0,0,0,0,0,0,0,0,0,0,0,0,0,0,0,0,0,0,0,0.218,0.087,0,0.174,0.174,0.437,9.186,126,937
0.78,0,0.78,0,1.56,0,0,0,0,0,0,0,0,0,0,0.78,0.78,0,1.56,0,2.34,0,0.78,0,0,0,0,0,0,0,0,0,0,0,0,0,0,0,0,0,0,0,0,0,0,0,0,0,0,0,0,0.792,0.339,0,2.627,22,113
0,0.75,0.37,0,1.51,0,0,0.37,0,0.37,0.75,1.89,0,0,0,0.75,0.37,1.13,6.06,0,4.16,0,0,0,0,0,0,0,0,0,0,0,0,0,0,0,0,0,0,0.37,0,0,0,0,0,0,0,0,0,0,0,0.415,0.138,0,1.937,11,93
0,0,0,0,0,0,0,0,0.9,0,0,0,0,0,0,0,0,0,0.9,0,3.6,0,0,0,0,0,0,0,0,0,0,0,0,0,0,0,0,0,0,0,0,0,0,0,0,0,0,0,0,0.139,0,0.559,0,0,2.9,28,87
0,0,0,40.13,0,0,0,0,0,0.32,0,0,0,0,0,0,0,0.32,0.98,0,0.32,0,0,0,0,0,0,0,0,0,0,0,0,0,0,0,0,0,0,0,0,0,0,0,0,0,0,0,0,0.185,0,0.185,0.061,0,10.585,124,434
0,0.47,0,0,0.94,0,0.94,0,0,0,0,0.47,0.47,0,0.47,0,0,0,1.89,0,0.47,0,0,0,0,0,0,0,0,0,0,0,0,0,0,1.42,0,0,0,0,0,0,0,0,0,0,0,0,0,0.074,0.074,0,0,0,2.125,11,102
0.05,0.05,0.4,0,0.34,0,0,0,0.57,0.05,0,0.28,0.11,0,0,0.17,0,0,1.15,0.05,0.92,0,0,0.05,0,0,0,0,0.05,0,0,0,0,0,0,0,0,0,0,0,0,0.11,0,0,0.05,0,0,0,0.019,0.099,0,0.089,0.079,0.009,4.913,95,1312
0.38,0,1.9,0,1.14,0,0,0,0.38,0.38,0,0,0,0,0,0,0,0,0.38,0.76,0,0,0,0,0.38,0,0,0,0,0,0,0,0,0,0,0,0,0,0,0,0,0,0,0,0,0,0,0,0,0,0,1.008,0.059,0,295,1177,1180
0,0,0,0,0.2,0,0,0,0,0,0,0,0,0,0,0,0,0,0,0,0,0.2,0,0,0,0,0,0,0,0,0,0,0,0,0,0,0,0,0,0,0,0,0,0,0,0,0,0,0,0.204,0,0.034,0,0,2.588,15,277
0,0,0,0,0,0,0,0,0,0,0,2.85,0,0,0,0,0,0,0,0,0,0,0,0,0,0,0,0,0,0,0,0,0,0,0,0,0,0,0,0,0,0,0,0,0,0,0,0,0,0,0,0.48,0,0,2,7,26
0,0,0.8,0,2.42,0,0,0,0,0,0,0.4,0,0,0,0,0,0.4,5.26,0,1.61,0,0,0,0.4,0.4,0,0,0,0,0,0,0,0,0,0,0,0,0,0,0,0,0,0,1.61,0,0,0,0,0,0,0.27,0,0,2.36,35,59
0,0,0,0,0,0,0,0,0,0,0,7.69,0,0,0,0,0,0,0,0,0,0,0,0,3.84,3.84,0,0,7.69,0,0,0,0,0,0,0,0,0,0,0,0,7.69,0,0,0,0,0,0,0,0,0,0.581,0,0,1.615,4,21
0.21,0,0.21,0.21,0.63,0,0,0,0,0,0.42,0,0.21,0,0,0.84,0,0.42,1.9,0,0,0,0.21,0,0,0,0,0,0,0,0,0,0,0,0,0,0.21,0,0,0,0,0,0,0,0,0,0,0,0,0.031,0,0.374,0.062,0,2.892,71,405
0,0,0,0,0,0,0,0,0,0,0,0,0,0,0,0,0,0,1.17,0,0,0,0,0,4.7,2.35,0,0,0,0,0,0,0,0,0,0,0,0,0,0,0,0,0,0,0,0,0,0,0,0,0,0,0,0,2.882,21,49
0,0.08,0.08,0,0,0.08,0,0.16,0,0,0,0.81,0.16,0,0,0,0.08,0,0,0,0,0,0.08,0,3.49,0.48,0,0,0.32,0.24,0,0,0,0,0,0.32,0.08,0,0,0,0,0.08,0,0,0,0,0,0.08,0.022,0.111,0,0,0.055,0,2.145,21,693
0,1.17,0,0,0,0,0,0,1.17,0,0,0,0,0,0,0,0,0,0,0,0,0,0,0,0,1.17,2.35,0,0,0,0,0,0,0,0,0,1.17,0,0,0,0,0,0,0,0,0,0,1.17,0.376,0,0,0,0,0,2.925,16,117
0,0,0,0,0,0,0,0,0,0,0,0,0,0,0,0,0,0,0,0,0,0,0,0,0,0,0,0,0,0,0,0,0,0,0,0,0,0,0,0,0,0,0,0,4.34,0,0,0,0,0,0,0,0,0,1,1,8
0,0,0,0,0,0,0,0,0,0,0,0,0,0,0,0,0,0,0,0,0,0,0,0,0,0,0,0,0,0,0,0,8.33,0,0,0,0,0,0,0,0,0,0,0,0,0,0,0,0,0.687,0,0,0,0,1.903,17,59
0,0.22,0,0,0.66,0.22,0,0.44,0.44,0.89,0,0,0.22,0.22,0,1.33,0,0,0.89,0,0.44,0,0,0.22,3.34,3.56,0.66,0.22,0.22,0.22,0.22,0.22,0,0.22,0.22,0.22,1.11,0,0,0.22,0,0,0.22,0,0.22,0,0,0,0.148,0.372,0.111,0.372,0.223,0,3.425,42,411
0,0.39,0.19,0,0.19,0.09,0,0,0,0,0,0.29,0,0,0.29,0,0,0.29,0.89,0,0.29,0,0,0,0.49,0.49,0,0,0,0,0,0,0,0,0,0,0.19,0,0,0,4.75,0,0.09,0,0.09,5.74,0,0,1.353,0.08,0,0.016,0,0,1.679,17,178
0,0,0.93,0,0.31,0,0,0,0.31,0,0.31,0.93,0,0,0,0,0.62,0,3.75,0,3.43,0,0,0,0,0,0,0,0,0,0,0,0,0,0,0,0.31,0,0,0,0,0,0,0,0,0,0,0,0.054,0.108,0,0.054,0,0.054,2.735,14,145
0,0,0,0,0,0,0,0,0,0,0,0,0,0,0,0,0,0,4,0,0,0,0,0,0,0,0,0,0,0,0,0,0,0,0,0,0,0,0,0,0,0,0,0,0,0,0,0,0,0,0,0.729,0,0,1.875,4,15
0,0,0,0,0,0,0,0,0,0.84,0,0.84,0,0,0,0,0,0,4.2,0,0,0,0,0,1.68,0,0,0,0,0,0,0,0,0,0,0,0,0,0,0,0,0,0,0,0,0,0,0,0,0,0.119,0,0,0,1.454,9,32
0,0,0,0,0,0,0,0,0,0,0,0,0,0,0,0,0,0,0,0,0,0,0,0,4.41,4.41,0,1.47,0,0,0,0,0,0,1.47,0,0,0,0,0,0,0,0,0,0,0,0,0,0,0,0,0,0,0,2.565,10,59
0,0,0,0.14,0.42,0,0,0.14,0,0,0,0.98,0,0.14,0,0,0.7,0,0,0,0,0,0,0,1.82,0.28,0,0,0.28,0.7,0,0,0,0,0,0.28,0.14,0,0,0,0,0,0,0,0.14,0,0,0,0,0.077,0,0,0,0,1.502,6,257
0,0,0,0.15,0.46,0,0,0.15,0,0,0,0.92,0,0.15,0,0,0.46,0,0,0,0,0,0,0,2.15,0.3,0,0,0.3,0.92,0,0,0,0,0,0.3,0.15,0,0,0,0,0,0,0,0.15,0,0,0,0,0.085,0,0,0,0,1.535,6,238
0.12,0,0.6,0,0.6,0,0,0,0,0,0,0.12,0.12,0,0.12,0,0.73,0,0.6,0,0.48,0,0,0,1.58,0,0,0.24,0,0,0.48,0,0,0,0.36,0,0.12,0,0,0,0,1.33,0,0.12,0.12,0,0,0.12,0.016,0.148,0,0.033,0.016,0,2.056,65,364
0,0,2.04,0,2.04,0,0,0,0,0,0,0,0,0,0,0,0,0,2.04,0,0,0,0,0,0,0,0,0,0,0,0,0,0,0,0,0,0,0,0,0,0,4.08,0,0,0,0,0,0,0,0.722,0,0,0,0,1.1,2,11
0,0,0,0,0,0,0,0,0,0,0,2.77,0,0,0,0,0,0,2.77,0,0,0,0,0,5.55,2.77,2.77,2.77,5.55,2.77,2.77,2.77,0,2.77,2.77,2.77,0,0,0,2.77,0,0,0,0,0,0,0,0,0,1.229,0,0,0,0,3.25,11,39
0,0.65,0,0,0.65,0,1.31,0,0,0,0,0.65,0,0,0.65,0,0,0,3.28,0,0.65,0,0,0.65,0,0,0,0,0,0,0,0,0,0,0,0,0,0,0,0,0,0,0,0,0,0,0,0,0,0,0.104,0.522,0,0,1.69,11,71
0,0,0,0,0.21,0,0,0,0,0,0,0,0,0,0,0,0,0,0,0,0,0.21,0,0,0,0,0,0,0,0,0,0,0,0,0,0,0,0,0,0,0,0,0,0,0,0,0,0,0,0.205,0,0.034,0,0,3.168,15,339
0,0,0,0,0.2,0,0,0,0,0,0,0,0,0,0,0,0,0,0,0,0,0.2,0,0,0,0,0,0,0,0,0,0,0,0,0,0,0,0,0,0,0,0,0,0,0,0,0,0,0,0.204,0,0.034,0,0,2.588,15,277
0,0,0.3,0,0.3,0.3,0.3,0.3,0,0,0.6,0.9,0,0,0,0.9,0.6,0.3,2.4,2.7,3,0,0,0.6,0,0,0,0,0,0,0,0,0,0,0,0,0,0,0,0,0,0,0,0,0,0,0,0,0,0.048,0,0.144,0,0.096,5.403,139,281
0,0,0.32,0,0.64,0.64,0.32,0.32,0,0,0,0.32,0.32,0,0,0.32,0.32,0,2.27,0,3.24,0,0,0.32,0,0,0,0,0,0,0,0,0,0,0,0,0,0,0,0,0,0,0,0,0.64,0,0,0,0,0.111,0,0,0.166,0,1.494,10,139
0,0,0,0,3.12,0,1.04,1.04,0,1.04,0,1.04,0,0,0,2.08,0,0,2.08,0,1.04,0,0,0,0,0,0,0,0,0,0,0,0,0,0,0,0,0,0,0,0,0,0,0,1.04,0,0,0,0,0,0,0,0,0,10.692,65,139
0,0,1.31,0,2.63,0,0,0.65,0,0,0,0.65,0,0,0,1.97,0,0,1.31,0,2.63,0,0,0.65,0,0,0,0,0,0,0,0,0,0,0,0,0,0,0,0,0,0,0,0,0.65,0,0,0,0,0.198,0,0.198,0.099,0,2.195,12,101
0,0,0,0,0,0,0,0,0,0,0.26,0.26,0,0,0,0,0,0,1.05,1.32,0.26,10.58,0,0,0,0,0,0,0,0,0,0,0,0,0,0,0,0,0,0,0,0,0,0,0,0,0,0,0.306,0.043,0.087,0.175,0.043,0.35,8.271,69,885
0,0,1.29,0,0,0,0,0,0,0,0,1.29,0,0,0,0,0,0,1.29,0,5.19,0,0,1.29,0,0,0,0,0,0,0,0,0,0,0,0,0,0,0,0,0,0,0,0,0,0,0,0,0,0,0,0,0.208,0,4.818,25,53
0,0,0,0,0,0,0,0,0,0.27,0,0.27,0,0,0,0.27,0,0,1.09,1.36,0.27,10.38,0,0,0,0,0,0,0,0,0,0,0,0,0,0,0,0,0,0,0,0,0,0,0.27,0,0,0,0.333,0.047,0.095,0.142,0.047,0.381,2.353,13,273
0.2,0.06,0.2,0,0.4,0,0,0,0,0,0,0.95,0.27,0,0,0.06,0.06,0,0,0,0,0,0,0,3.47,0,0,0,0,0,0,0,0.06,0,0,0.34,0.06,0,0,0,0,0,0.13,0.06,0.06,0,0,0.13,0.028,0.093,0,0,0.018,0,2.423,26,693
0.06,0.04,0.29,0,0.08,0.06,0,0.13,0.02,0.11,0,0.47,0,0.02,0.02,0.13,0.13,0.08,0.24,0,0.17,0,0,0,0,0,0,0.02,0.02,0,0,0,1.7,0,0,0.22,0.83,0.02,0,0,0.06,0.04,0.02,0.06,0,0.29,0.02,0.15,0.032,0.176,0,0.003,0.003,0,2.201,79,2631
0.2,0.06,0.2,0,0.4,0,0,0,0,0,0,0.95,0.27,0,0,0.06,0.06,0,0,0,0,0,0,0,3.47,0,0,0,0,0,0,0,0.06,0,0,0.34,0.06,0,0,0,0,0,0.13,0.06,0.06,0,0,0.13,0.027,0.09,0,0,0.018,0,2.423,26,693
0,0,1.63,0,0,0,0,0,0,0,0,1.63,0,0,0,1.63,0,0,1.63,0,1.63,0,0,0,0,0,0,0,0,0,0,0,0,0,0,0,0,0,0,0,0,0,0,0,0,0,0,0,0,0,0,0,0,0,1.181,3,13
0,0,0,0,0.33,0,0,0,0,0.66,0,0,0,0,0,0,0,0,0.66,0,0.33,0,0,0,7.61,2.64,0,0,0,0,0,0,0.33,0,0,0,1.32,0,0,0,2.31,0.33,0,0.33,0,0,0,0,0.349,0.524,0.116,0,0,0,3.627,19,341
0,0,0,0,0.51,0,0,0,0,0,0,0,0.51,0,0,0,0,0,1.55,0,0,0,0,0,0,0,0.51,0,0,0,0,0,1.03,0,0,0,0,0,0,0,0,0,0,0,0,0,0,0,0,0,0,0.281,0,0,1.363,5,45
0,0,0,0,0,0,0,0,0,0,0,0,0,0,0,0,0,0,8.33,0,0,0,0,0,0,0,0,0,0,0,0,0,0,0,0,0,0,0,0,0,0,0,0,0,16.66,0,0,0,0,0,0,0.925,0,0,1.833,6,11
0,0,0,0,0,0,0,0,0,0,0,0.85,0,0,0,0,0,0,0,0,0,0,0,0,0.42,0.42,0,0,0,0,0,0,0,0,0,1.28,0,0,0,0,0,0,0,0,0,0,0,0,0,0,0,0,0,0,1.536,8,106
0,0,0,0,0,0,0,0,0,0,0,0,0,0,0,0,0,0,0,0,0,0,0,0,0,0,0,0,0,0,0,0,0,0,0,0,0,0,0,0,0,3.7,0,0,0,0,0,0,0,0,0,0.523,0,0,2.571,10,36
0,0,2.27,0,0,0,0,0,0,0,0,4.54,0,0,0,0,0,0,0,0,0,0,0,0,0,0,0,0,0,0,0,0,0,0,0,0,0,0,2.27,0,0,0,0,0,0,0,0,0,0,0,0,0.296,0,0,5.25,32,63
0,0,0,0,0,0,0,0,0,0,0,0,0,0,0,0,0,0,9.09,0,0,0,0,0,0,0,9.09,0,0,0,0,0,0,0,0,0,0,0,0,0,0,0,0,0,9.09,0,0,0,0,0,0,0,0,0,1,1,6
0,0,0,0,0,0,0,0,0,0,0,2.18,0,0,0,0,0,0,1.45,0,0,0,0,0,2.18,0,0,0.72,0,0,0,0,0,0,0,0,0,0,0,0,0,0,0,1.45,0,0,0,0,0,0.122,0,0,0,0,1.785,18,75
0,0,0,0,0,0,0,0,0,0,0,0,0,0,0,0,0,0,0,0,0,0,0,0,1.63,0,0,0,0,0,0,0,0,0,0,1.63,0,0,0,0,0,0,0,0,0,0,0,0,0,0,0,0,0,0,2.187,5,35
0,0.99,0,0,0.49,0,0,0.49,0,0,0,0.49,0,0,0,0,0,1.98,2.97,0,1.48,0,0,0,0,0,0,0,0,0,0,0,0,0,0,0.49,0,0,0,0,0,0,0,0,0,0,0,0,0,0,0,0.081,0,0,1.348,4,58
0,0.2,0.2,0,0,0,0,0,0,0,0,1.03,0,0,0,0,0,0.62,0.41,0,0,0,0,0,2.49,0.62,0,0,0,0,0,0,0,0,0,0.2,0.2,0,0,0,0,0,0,0,0,0,0,0.2,0,0.087,0,0,0,0,2.797,127,512
0,0.26,0.26,0,0.26,0,0,0.26,0,0,0.26,1.07,0,0,0,0,0.53,0,1.07,0,1.07,0,0,0,1.34,0,0,0,0,0,0,0,0,0,0,0,0,0,0,0,0,0,0,0,0,0,0,0,0,0.111,0,0,0.037,0,1.564,8,194
0,0,5.1,0,2.04,0,0,0,0,0,0,1.02,0,0,0,0,0,0,1.02,0,0,0,0,0,0,0,1.02,0,0,0,0,0,0,0,0,0,0,0,0,0,0,0,0,0,0,0,0,0,0,1.094,0,0,0,0,1.29,5,40
0.27,0,0.13,0,0.82,0,0,0,0,0,0,0.55,0.41,0,0,0,0,0,1.24,0,1.1,0,0,0,1.65,0.82,0.13,0.13,0.13,0.13,0.13,0.13,0,0.13,0.13,0.13,0.41,0,0,0.13,0,0.41,0.13,0,0.41,0,0,0.27,0.041,0.102,0.02,0.02,0,0,2.78,34,367
0,0,0,0,0,0,0,0,0,0,0,0,0,0,0,0,0,0,0,0,0,0,0,0,0,0,33.33,0,0,0,0,0,0,0,0,0,0,0,0,0,0,0,0,0,0,0,0,0,0,0,0,0,0,0,1,1,3
0,0,0,0,0,0,0,0,0,0,0,4.9,0,0,0,0,0,0,0,0,0,0,0,0,0,0,0,0,0,0,0,0,0,0,0,0,0,0,0,0,0,0,0,0,0,0,0,0,0,0,0,0,0,0,2.454,5,27
0,0,0,0,0.53,0,1.07,0,0,0.53,0,0,0,0,0,0,0,1.61,1.07,0,0,0,0,0,0,0,0,0,0,0,0,0,0,0,0,0,0,0,0,0,0,0,0,0,0,0,0,0,0,0.336,0,0,0,0,2.333,14,119
0,0,0.71,0,0.23,0,0,0,0.23,0.23,0.23,1.9,0,0,0,0.23,0,0,3.81,0.23,1.19,0,0,0,0,0,0,0,0,0,0,0,0,0,0,0,0,0,0,0,0,0,0,0,0,0,0,0,0,0.112,0,1.046,0.037,0,4.022,97,543
0,0,1.31,0,0,0,0,0,0,0,0,1.31,0,0,0,0,0,0,1.31,0,5.26,0,0,1.31,0,0,0,0,0,0,0,0,0,0,0,0,0,0,0,0,0,0,0,0,0,0,0,0,0,0,0,0,0.213,0,4.818,25,53
0,0,0.94,0,0.31,0,0,0,0.31,0,0,0.62,0,0,0,1.25,0.62,0,3.14,0,1.25,0,0.94,0,0,0,0,0,0,0,0,0,0,0,0,0,0,0,0,0,0,0,0,0,0.31,0,0,0,0,0.146,0.048,0.39,0.438,0.097,3.322,61,319
0,0,0,0,0,0,0,0,0,0,0,0,0,0,0,1.09,1.09,0,3.29,0,2.19,0,0,0,0,0,0,0,0,0,0,0,0,0,0,0,0,0,0,0,0,0,0,0,1.09,0,0,0,0,0.371,0,0.371,0,0,3.096,28,96
0.1,0.2,1.01,0,0.8,0.8,0.5,0,0.8,0.1,0.3,0.7,0.3,0,1.61,0.1,0,1.11,1.31,0.2,0.7,0,0.6,0.1,0,0,0,0,0,0,0,0,0,0,0,0,0,0,0,0,0,0,0.2,0,0.1,0.1,0,0,0,0.111,0,0.491,0.158,0.015,8.55,669,1351
0,0.41,0.41,0,2.06,0,1.65,0.82,0,0,0,0,0,0,0,2.47,0,0.82,2.47,0,0.82,0,0,0,0,0,0,0,0,0,0,0,0,0,0,0,0,0,0,0,0,0,0,0,0.41,0,0,0,0,0.265,0,0.199,0,0,15.892,226,445
0,0,0,0,0,0,0,0,0,0,0,0,0,0,0,1.29,0,0,3.89,0,3.89,0,0,0,0,0,0,0,0,0,0,0,0,0,0,0,0,0,0,0,0,0,0,0,1.29,0,0,0,0,0,0,0.236,0,0,7.181,41,79
0.45,0.9,0.9,0,0.45,0,0,0.45,0,1.8,0,2.25,0,0.45,0,0.45,0,0,1.8,0,5.4,0,0,0,0,0,0,0,0,0,0,0,0,0,0,0,0,0,0,0,0,0,0,0,0,0,0,0,0,0.243,0,1.626,0.162,0.081,69.727,706,767
0,0,1.31,0,0,0,0,0,0,0,0,1.31,0,0,0,0,0,0,1.31,0,5.26,0,0,1.31,0,0,0,0,0,0,0,0,0,0,0,0,0,0,0,0,0,0,0,0,0,0,0,0,0,0,0,0,0.212,0,4.818,25,53
