0,0,0,0,0.63,0,0.31,0.63,0.31,0.63,0.31,0.31,0.31,0,0,0.31,0,0,3.18,0,0.31,0,0,0,0,0,0,0,0,0,0,0,0,0,0,0,0,0,0,0,0,0,0,0,0,0,0,0,0,0.135,0,0.135,0,0,3.537,40,191
0,0,0,0,1.92,0,0,0,0,0.64,0.96,1.28,0,0,0,0.96,0,0.32,3.85,0,0.64,0,0,0,0,0,0,0,0,0,0,0,0,0,0,0,0,0,0,0,0,0,0,0,0,0,0,0,0,0.054,0,0.164,0.054,0,1.671,4,112
0,0,0,0,1.88,0,0,1.88,0,0,0,0,0,0,0,0,0,0,0,0,0,0,0,0,0,0,0,0,0,0,0,0,0,0,0,0,0,0,0,0,0,0,0,0,0,0,0,0,0,0.206,0,0,0,0,2.45,11,49
0.15,0,0.46,0,0.61,0,0.3,0,0.92,0.76,0.76,0.92,0,0,0,0,0,0.15,1.23,3.53,2,0,0,0.15,0,0,0,0,0,0,0,0,0.15,0,0,0,0,0,0,0,0,0,0.3,0,0,0,0,0,0,0.271,0,0.181,0.203,0.022,9.744,445,1257
0,0,0.25,0,0.38,0.25,0.25,0,0,0,0.12,0.12,0.12,0,0,0,0,0,1.16,0,0.77,0,0,0,0,0,0,0,0,0,0,0,0,0,0,0,0,0,0,0,0,0,0,0,0,0,0,0,0.022,0.044,0,0.663,0,0,1.243,11,184
0,0.69,0.34,0,0.34,0,0,0,0,0,0,0.69,0,0,0,0.34,0,1.39,2.09,0,1.04,0,0,0,0,0,0,0,0,0,0,0,0,0,0,0,0,0,0,0,0,0,0,0,0,0,0,0,0,0.056,0,0.786,0,0,3.728,61,261
0,0,1.42,0,0.71,0.35,0,0.35,0,0.71,0,0.35,0,0,0,5.35,0,0,3.21,0,2.85,0,0.35,0,0,0,0,0,0,0,0,0,0,0,0,0,0,0,0,0,0,0,0,0,0,0,0,0,0,0.102,0,0.357,0,0,1.971,24,205
0,0.42,0.42,0,1.27,0,0.42,0,0,1.27,0,0,0,0,0,1.27,0,0,1.7,0.42,1.27,0,0,0.42,0,0,0,0,0,0,0,0,0,0,0,0,1.27,0,0,0.42,0,0,0,0,0,0,0,0,0,0.063,0,0.572,0.063,0,5.659,55,249
0,0,0,0,0,0,0,0,0,0,0,0,0,0,0,0,0,0,0,0,2.11,0,0.7,0,0,0,0,0,0,0,0,0,0,0,0,0,0,0,0,0,0,0,0,0,0,0,0,0,0,0,0,1.975,0.37,0,35.461,95,461
0,0,0,0,0,0,0,0,0,0,0,0,0,0,0,0,0,0,0,0,0,0,0,0,0,0,0,0,0,0,0,0,0,0,0,0,0,0,0,0,0,0,0,0,0,0,0,0,0,0.729,0,0.729,0,0,3.833,9,23
0,0,0,0,0,0,0,0,0,0.85,0,0,0,0,1.7,0,0,0,2.56,0,1.7,0,0,0,0,0,0,0,0,0,0,0,0,0,0,0,0,0,0,0,0,0,0,0,0,0,0,0,0.299,0,0,0.149,0,0,1.04,2,26
0,0,0,0,0,0,0,0,0,0,0,0,0,0,0,0,0,0,0,0,0,0,0,0,0,0,0.84,0,0.84,0,0,0,0.84,0,0,0,0,0,0,0,0,0,0,0,0,0,0,0,0,0.273,0.136,0,0,0.136,3.571,28,150
0,0,0,0,0,0,0,0,0,0,0,1.85,0,0,0,0,0,0,0,0,0,0,0,0,0,0,0,0,1.85,0,0,0,0,0,0,0,1.85,0,0,0,0,3.7,0,0,0,0,0,0,0,0.308,0,0,0,0,2,11,26
0,0,0,0,0,0,0,0,0,0,0,5.88,0,0,0,0,0,0,0,0,0,0,0,0,0,0,0,0,0,0,0,0,0,0,0,0,0,0,0,0,0,0,0,0,0,0,0,0,0,0,0,0.546,0,0,2,4,16
0,0,0,0,0,0,0,0,0,0,0,0.8,0,0,0,0,0,0,0.8,0,0,0,0,0,0.8,0,0,0,0,0,0,0,0,0,0.8,0.8,0,0,0,0,0,1.6,0,1.6,0,0,0,0,0,0.115,0,0.115,0,0,3.388,28,122
0.18,0.06,0.24,0,0.18,0,0,0.18,0,0.12,0,0.6,0,0,0,0.24,0.12,0,0.78,0,0.72,0,0.06,0.42,1.93,0.66,0,0.18,0,0.12,0.3,0,0,0,0.42,0,0.18,0,0.24,0,0,0.12,0,0,0.18,0,0,0.12,0,0.196,0,0.044,0.026,0,1.873,29,843
0,0,1.88,0,0,0,0,0,0,0,0,1.88,0,0,0,0,0,0,1.88,0,1.88,0,0,0,0,0,1.88,0,0,0,0,0,0,0,0,0,0,0,0,0,0,1.88,0,0,0,0,0,0,0.323,0.323,0,0,0,0,1,1,12
0,0,2.12,0,0,0,0,0,0,0,0,2.12,0,0,0,0,0,0,0,0,2.12,0,0,0,0,0,0,0,0,0,0,0,0,0,0,0,0,0,0,0,0,0,0,0,0,0,0,0,0,0,0,0,0,0,2.647,16,45
0,0,0,0,0,0,0,0,0,0,0,0,0,0,0,0,0,0,0,0,0,0,0,0,0,0,0,0,0,0,0,0,0,0,0,0,0,0,0,0,0,0,0,0,0,0,0,0,0,0,0,1.315,0,0,1,1,7
0,0,0,0,0,0,0,0,0,0,0,0.86,0.86,0,0,0,0,0,0,0,0,0,0,0,3.47,0,0,0,0,0,0,0,0,0,0,0,0.86,0,0,0,0,0,0,0,0,0,0,0,0,0,0,0,0,0,2.322,11,72
0,0,0.75,0,0,0,0,0,0,0,0,0.75,0,0,0,0,0,0,3.75,0,0,0,0,0,0,0,0,0,0,0,0,0,0,0,0,0,0,0,0,0,0,0,0,0,0,0,0,0,0,0.262,0,0,0,0,1.437,3,23
0.08,0.16,0.08,0,0.2,0,0.04,0.04,0.04,0.49,0.12,0.32,0.12,0.04,0,0.08,0,0,0.77,0,0.2,0,0,0,0,0,0,0,0,0,0,0,0,0,0,0.69,0.65,0,0,0.04,0,0.08,0,0.16,0,0.28,0,0.89,0.016,0.243,0,0.033,0,0.016,2.747,86,1995
0,0,0,0,0,0,0,0.26,0.39,0,0.13,0.52,0.26,0,0,0,0,0,0,0,0,0,0,0,4.22,0.13,0,0,0,0,0,0,0,0,0,0.13,0.13,0,0,0,0,0,0,0.13,0,0,0,0,0.017,0.107,0,0,0.071,0,2.848,26,433
0,0,1.58,0,0,0,0,0,0,0,0,1.58,0,0,0,0,0,0,1.58,0,1.58,0,0,0,1.58,3.17,0,0,0,0,0,0,0,0,0,0,0,0,0,0,0,0,0,0,0,0,0,0,0,0,0,0,0,0,1.538,4,20
0,0,0,0,0,0,0,0,0,0,0,3.57,0,0,0,0,0,0,0,0,0,0,0,0,0,0,0,0,0,0,0,0,0,0,0,0,0,0,0,0,0,0,0,0,0,0,0,0,0,0,0,0.684,0,0,2,7,16
0,0,1.21,0,0,2.43,0,0,0,0,0,0,0,0,0,0,0,0,1.21,0,1.21,0,0,0,0,0,1.21,0,0,0,0,0,0,0,0,0,0,0,0,0,0,0,0,0,0,0,0,0,0,0.211,0,0.211,0,0,1,1,11
0,0,0,0,0,0,0,0,0,0,0,1.41,0,0,0,0,0,0,0.47,0,0.94,0,0,0,0.47,0,0,0,0,0,0,0,0,0,0,0,0.47,0,0,0,0,0,0,0,0,0,0,0,0,0.137,0,0.068,0,0,3.195,21,147
0,0,0,0,0,0,0,0,0,0,0,0.91,0,0,0,0,0.91,0,2.75,0,0,0,0,0,1.83,0,0,0,0,0,0,0,0,0,0,0,0.91,0,0,0,0,0.91,0,0,0,0,0,0,0.301,0,0,0.301,0,0,1.942,8,68
0,0,0,0,0,0,0,0,0,0,0,0,0,0,0,0,0,0,0,0,0,0,0,0,0,0,0,0,0,0,0,0,0,0,0,0,0,0,0,0,7.14,0,0,0,0,7.14,0,0,0,0,0,0,0,0,5.5,10,11
0,0,0,0,0,0,0,0,0,0,0,3.22,0,0,0,0,0,0,0,0,0,0,0,0,0,0,0,0,0,0,0,0,0,0,0,0,0,0,0,0,3.22,0,0,0,0,3.22,0,0,0,0.526,0,0,0,0,1.571,3,11
0,0,0.78,0,0,0,0,0,0,0,0,0.78,0,0,0,0,0,0,1.56,0,0,0,0,0,0,0,0,0,0,0,0,0,0,0,0,0,0,0,0,0,0,0,0,0,0,0,0,0.78,0.145,0,0,0.725,0,0,1.187,4,19
0.67,0,0,0,1.01,0,0,0,0,0,0,0.67,0.67,0,0,0,0,0,1.35,0,1.68,0,0,0,0.33,0.33,0,0,0,0,0,0,0,0,0,0,0.67,0,0,0,0,0.67,0,0,0.33,0,0,0.33,0.097,0.048,0,0.048,0,0,2.326,22,107
0,0,0.65,0,0.32,0,0,0,0,0,0,0.32,0,0,0,0,0,0,0,0,0,0,0,0,0,0,0,0,0,0,0,0,0,0,0,0,0,0,0,0,0,0,0,0,0,0,0,0,0,0.061,0.061,0.061,0,0,1.392,11,71
0,0,0,0,0,0,0,0,0,0,0,0,0,0,0,0,3.15,0,0,0,0,0,0,0,4.5,1.8,0,0,0,2.7,0,0,0,0,0,0,0,0,0,0.45,0,0,0,0,0,0,0,0,0.557,0,0,0.123,0,0,2.063,34,130
0,0,0,0,0,0,0,0,0,0,0,0,0,0,0,0,0,0,4,0,0,0,0,0,4,0,0,0,0,0,0,0,0,0,0,0,0,0,0,0,0,0,0,0,0,0,0,0,0,0.751,0,0,0,0,2,4,10
0,0,0,0,0,0,0,0,0,0,0,0,0,0,0,0,0,0,0,0,0,0,0,0,3.7,3.7,3.7,0,0,0,0,0,0,0,0,0,0,0,0,0,0,0,0,0,0,0,0,0,0,0,0.645,0,0,0.645,2.888,8,26
0,0,0.06,0,0.89,0.13,0,0.2,0,0,0,0.13,0.06,0,0,0,0.96,0,0,0,0,0,0,0,1.1,0,0,0,0,0,0,0,0,0,0,0,0.13,0.06,0,0,0,0.06,0,0,0.34,0,0,0,0.018,0.047,0,0,0.085,0,2.924,52,617
0,1.35,0.19,0,0,0,0,0,0,1.74,0,0.19,0,0,0,0,0,0,0,0,0.38,0,0,0,2.32,0.96,0,0,0,0,0,0,0,0,0.58,1.16,0.38,0,0,0,0,0,0.19,0,0,0,0,0.58,0,0.337,0,0,0,0,3.937,44,693
0.07,0,0.15,0,1.53,0.15,0,0.46,0,0,0.07,0.46,0.46,0,0,0,0.07,0,0.76,0,0.38,0,0,0,0.69,0,0,0,0,0,0,0,0,0,0,0,0.15,0,0,0,0,0.07,0,0,0.61,0,0,0,0,0.022,0,0,0.033,0,1.705,36,220
0,0,0,0,0,0,0,0,0,0,0,1.07,0,0,0,0,0,0,1.07,0,0,0,0,0,0,0,0,0,0,0,0,0,2.15,0,0,0,0,0,0,0,0,0,0,3.22,0,0,0,0,0,0,0,0,0,0,1.416,6,68
0.05,0.07,0.1,0,0.76,0.05,0.15,0.02,0.55,0,0.1,0.47,0.02,0,0,0,0.02,0.13,2.09,0.1,1.57,0,0.05,0,0,0,0,0,0,0,0,0,0,0,0,0.02,0.1,0,0,0,0,0,0,0,0,0,0,0,0.042,0.101,0.016,0.25,0.046,0.059,2.569,66,2259
0,0,0,0,1.16,0,0,0,0,0,0,0.58,0,0,0,1.16,0,1.16,1.16,0,1.75,0,0,0,0,0,0,0,0,0,0,0,0,0,0,0,0,0,0,0,0,0,0,0,0,0,0,0,0,0.133,0,0.667,0,0,1.131,5,69
0,0,0,0,0,0,0,0,0,0,0,0,0,0,0,0,0,0,0,0,0,0,0,0,0,0,0,0,0,0,0,0,0,0,0,0,0,0,0,0,0,0,0,0,1.44,0,0,0,0,0.196,0,0.392,0.196,0,5.466,22,82
0.3,0,0,0,0.61,0.92,0,2.45,0,0,0,0.3,1.53,0,0,0,0,0.3,2.76,0,0.61,0,0.3,0.61,0,0,0,0,0,0,0,0,0,0,0,0,0.3,0,0,0,0,0,0,0,0,0,0,0,0,0.051,0,0.207,0.207,0,2.132,30,226
0,0,0,0,0.52,0,0.26,0.52,0,0.26,0.26,0.52,0,0,0,0.26,1.56,0.26,1.82,2.08,0.26,0,0,0,0,0,0,0,0,0,0,0,0,0,0,0,0,0,0,0,0,0,0,0,0,0,0,0,0,0.073,0,0.813,0.036,0.147,2.145,38,339
0,1.92,0,0,1.92,0,0,0,0,0,0,1.92,0,0,0,0,0,0,1.92,0,3.84,0,0,0,0,0,0,0,0,0,0,0,0,0,0,0,0,0,0,0,0,0,0,0,0,0,0,0,0,0,0,0,0,0,2.75,12,33
0.73,0.36,1.09,0,0,0.73,0.73,1.09,0.36,0.36,0,0.36,0,0,0,1.09,0.36,0.36,2.19,2.19,2.19,0,1.83,0,0,0,0,0,0,0,0,0,0,0,0,0,0,0,0,0,0,0,0,0,0,0,0,0,0,0.11,0,0.498,0.332,0,3.254,30,179
0.06,0.12,0.77,0,0.19,0.32,0.38,0,0.06,0,0,0.64,0.25,0,0.12,0,0,0.12,1.67,0.06,0.7,0,0.19,0,0,0,0,0,0,0,0,0,0,0,0,0,0,0,0,0,0,0,0,0.06,0,0,0,0,0.04,0.03,0,0.244,0.071,0,1.732,43,750
0,0,1.26,0,0,0,0,0,0,0,0,2.53,0,0,0,0,0,0,2.53,0,5.06,0,0,0,0,0,0,0,0,0,0,0,0,0,0,0,0,0,0,0,0,0,0,0,0,0,0,0,0,0,0,0,0,0,3.642,8,51
0,0.59,0,0,0,0,0.59,0,0,0.59,0,0.59,0,0,0,0,0,1.18,1.77,0,0,0,0,0,0,0,0,0,0,0,0,0,0,0,0,0,0,0,0,0,0,0,0,0,0,0,0,0,0,0.257,0,0,0,0,8.586,66,249
0,0,0,0,0,0,0,0,0.91,0,0,0.3,0,0,0,0,0,0,0,0,0,0,0,0,0,0,0,0,0,0,0,0,0,0,0.3,0,0,0,0,0,0,0,0,0,0,0,0,0,0.109,0.254,0,0,0,0,3.606,119,357
0,0,0,0,0,0,0,0,0,0,0,0.93,0,0,0,0,0,0,2.34,0,0,0,0,0,0.93,0,0,0,0,0.46,0,0,0,0,0,0,0,0,3.75,0,0,0,0,0,0,0,0,0,0,0.438,0,0,0,0,2.448,37,120
0,0,0,0,0,0,0,0,0.14,0,0,0.43,0,0,0,0,0.14,0,0,0,0.14,0,0,0,0.14,0.57,0,0,0,0,0,0,0.14,0,0,0.43,0,0,0,0,0,0,0,0,0,0,0,0.14,0.058,0.156,0,0,0,0,1.687,24,496
0,0,0.1,0,0,0,0,0,0,0.1,0.1,0.96,0.1,0,0,0,0,0,0,0,0,0,0,0,3.52,0.1,0,0,0,0,0,0,0.74,0,0,0.1,0.21,0.1,0,0,0,0,0,0,0,0,0,0,0.014,0.117,0,0,0,0,2.204,24,496
0,0,0,0,0,0,0,0,0,0,0,0,0,0,0,0,0,0,0,0,0,0,0,0,0,0,0,0,0,0,0,0,0,0,0,0,0,0,0,0,7.14,0,0,0,0,7.14,0,0,0,0,0,0,0,0,5.5,10,11
0,0,0,0,0.26,0.26,0,0,0,0.26,0,0.26,0,0,0,0.26,0,0,2.08,0,2.6,0,0,0,0.26,0,0,0,0,0,0.26,0,0,0,0,0,0,0,0,0,0,0,0.26,0,0.26,0,0,0,0.037,0,0,0,0,0,2.545,18,168
0,0,0,0,0,0,0,0,0,0,0,1.85,0,0,0,0,0,0,0,0,0,0,0,0,0,0,0,0,0,0,0,0,0,0,0,0,0,0,0,0,0,0,0,0,0,0,0,0,0,0,0,0,0,0,1.142,3,16
0,0,0,0,0,0.27,0,0,0,0.27,0,0.27,0,0,0,0.27,0,0,2.18,0,2.73,0,0,0,0.27,0,0,0,0,0,0.27,0,0,0,0,0,0,0,0,0,0,0,0,0,0,0,0,0,0,0,0,0,0,0,2.593,18,166
0.16,0.08,0,0,0,0,0,0,0.16,0.33,0,0.67,0,0,0.08,0,0.5,0.33,0.58,0.16,0.42,0,0,0.08,1.34,0.58,0,0,0,0.08,0,0,0,0,0,1.09,1.34,0,0.16,0,0,0,0,0.08,0,0,0,0,0.084,0.408,0.06,0,0.012,0,4.179,104,1655
0,0,1.17,0,0,0,0,0,0,0,0,0,0,0,0,0,0,0,0,0,0,0,0,0,4.7,2.35,0,0,0,0,0,0,0,0,0,0,1.17,0,0,0,0,0,1.17,0,0,0,0,0,0,0,0.193,0,0,0,1.974,16,77
0,0,2,0,0,0,0,0,0,0,0,0,0,0,0,0,0,2,0,0,0,0,0,0,4,2,0,2,0,2,2,0,0,0,2,2,0,0,0,0,0,0,0,0,0,0,0,0,0,0.18,0,0,0,0,1.611,10,29
0,0,0,0,0,0,0,0,0,0,0,0,0.89,0,0,0,0,0,0,0,0,0,0,0,0,0,0,0,0,0.89,0,0,0,0,0,0,1.78,0,0,0,0.89,0,0,0,0,0.89,0,0,0,0.269,0.269,0,0,0,2.27,16,84
0,0,0,0,0,0,0,0,0,0,0,1.72,0,0,0,0,0,0,3.44,0,1.72,0,0,0,0,1.72,0,0,0,0,0,0,0,0,0,0,0,0,1.72,0,0,0,0,0,0,0,0,0,0,0,0,0,0,0,2.058,5,35
0,0,0,0,0,0,0,0,0,0,0,0,0,0,0,0,0,0,0,0,0,0,0,0,0,0,0,0,0,0,0,0,0,0,0,0,1.35,0,0,0,0,0,0,0,0,0,0,0,0,1.169,0,0,0,0,2.533,21,76
0.05,0,0.45,0,0.16,0.11,0,0,0.62,0,0,0.16,0,0,0,0,0,0.05,0.22,0,0.16,0,0,0,0.62,0.67,0.05,0,0,0,0,0,0.9,0,0,0,0.67,0,0,0,0,0,0,0,0,0,0,0,0.121,0.162,0.04,0,0.016,0,2.887,45,875
0,0,0,0,0,0,0,0,0,0,0,0,0,0,0,0,0,0,0,0,0,0,0,0,0,0,0,0,0,0,0,0,0,0,0,0,0,0,0,0,0,0,0,0,0,0,0,0,0,0,0,1.234,0,0,3,5,15
0,0,0,0,0,0,0,0,0,0,0,0,0,0,0,0,0,0,0,0,0,0,0,0,0,0,0,0,0,0,0,0,0,0,0,0,0,0,0,0,0,0,0,0,0,0,0,0,0,0,0,0,0,0,1.5,3,6
0,0,0,0,0,0,0,0,0,0.42,0,0.42,0,0,0,0,0,0,3.4,0,0.42,0,0,0.42,1.27,0.85,0,0.85,0,0.42,0,0,0,0,0,0,0,0,0,0,0,0,0,0.42,0,0,0,0,0,0.155,0,0,0,0,2.555,11,92
0,0,0,0,0,0,0,0,0,0,0,0,0,0,0,0,0,0,1.92,0,0,0,0,0,0,0,0,0,0,0,0,0,0,0,0,0,0,0,0,0,0,0,0,0,0,0,0,0,0,0,0,0,0,0.38,2.307,9,30
0,0,0,0,0,0,0,0,0,0,0,0,0,0,0,0,0,0,1.36,0,0,0,0,0,0,0,1.36,0,0,0,0,0,0,0,0,0,0,0,0,0,0,0,0,0,0,0,0,0,0,0,0,0,0,0,1,1,17
0,0,0,0,0,0,1.47,0,0,1.47,0,1.47,0,0,0,0,0,0,5.88,0,1.47,0,0,0,0,0,0,0,0,0,0,0,0,0,0,0,0,0,0,0,0,0,0,0,0,0,0,0,0,0,0,0.5,0,0,1.214,3,17
0,0.53,0.53,0,0.53,0,0,0,0,0,0,0.53,0,0,0,0.53,0,1.06,1.6,0,1.06,0,0,0,0,0,0,0,0,0,0,0,0,0,0,0,0,0,0,0,0,0,0,0,0,0,0,0,0,0.087,0,0.877,0,0,3.4,61,187
0,0.46,0.46,0,0.46,0.46,0.46,0,0,0,0.46,0.46,0,0,0,0.92,0,0.92,2.76,0,1.38,0,0.46,0,0,0,0,0,0,0,0,0,0,0,0,0,0,0,0,0.46,0,0,0,0,0.46,0,0,0,0,0,0,0.298,0.223,0,2.156,13,110
0.75,0.18,0.37,0,0.18,0.12,0,0.25,0.75,0.31,0.25,1.51,0.31,0.37,0,0.37,0.44,0.12,2.96,0.69,1.26,0,0.44,0.75,0,0,0,0,0,0,0,0,0,0,0,0,0.12,0,0,0.12,0,0,0.06,0,0,0,0,0,0,0.085,0.053,0.437,0.234,0.064,3.675,45,1066
0,0,0,0,0,0,0,0,0,0,0,0,0,0,0,0,0,0,5.55,0,1.11,0,0,0,0,0,0,0,0,0,0,0,0,0,0,0,0,0,0,0,0,0,0,0,0,0,0,0,0,0,0,1.431,0,0,4.071,29,114
0,0,1.28,0,1.28,1.28,0,0,0,0,0,0,0,0,0,1.28,0,0,2.56,0,1.28,0,1.28,0,0,0,0,0,0,0,0,0,0,0,0,0,0,0,0,0,0,0,0,0,0,0,0,0,0,0.181,0,0.724,0,0,3.071,9,43
0,0,0.38,0,1.15,0.76,0,0,0,0,0,0.38,0.38,0,0,0.38,0,0.38,2.69,0,2.3,0,0,0.38,0,0,0,0,0,0,0,0,0,0,0,0,0,0,0,0,0,0,0,0,0,0,0,0,0,0.122,0,0.061,0.061,0,1.775,20,158
0.06,0.06,0.47,0,0.4,0,0,0,0.67,0.06,0,0.33,0.13,0,0,0.2,0,0,1.14,0.13,1.21,0,0,0.06,0,0,0,0,0.06,0,0,0,0,0,0,0,0,0,0,0,0,0.13,0,0,0.06,0,0,0,0.021,0.107,0,0.096,0.085,0.01,3.353,144,845
0.47,0.31,0.47,0,0.05,0.13,0.05,0.26,0.44,0.76,0.26,0.97,0.58,1.26,0,0.26,0.44,0,3.25,0,1.5,0,1.05,0.34,0,0,0,0,0,0,0,0,0,0,0,0,0,0,0,0,0,0,0,0,0.02,0,0,0,0.004,0.066,0,0.322,0.764,0.159,6.1,193,3038
0.59,0.44,0.29,0,0.14,0.03,0.03,0.14,0.56,0.67,0.29,0.67,0.59,1.23,0.03,0.22,0.44,0.07,3.43,0,1.53,0,0.59,0.63,0,0,0,0,0,0,0,0,0,0,0.03,0,0,0,0,0,0,0,0,0,0.07,0,0,0,0,0.075,0,0.613,0.532,0.137,7.3,763,2453
0.59,0.44,0.29,0,0.14,0.03,0.03,0.14,0.56,0.67,0.29,0.67,0.59,1.23,0.03,0.22,0.44,0.07,3.43,0,1.53,0,0.59,0.63,0,0,0,0,0,0,0,0,0,0,0.03,0,0,0,0,0,0,0,0,0,0.07,0,0,0,0,0.075,0,0.612,0.531,0.137,7.3,763,2453
0,0,0.46,0,0,0,0.46,0,0,0,0.46,0,0,0,0,0,0,1.4,1.87,0,0,0.93,0.46,0,0,0,0,0,0,0,0,0,0,0,0,0,0,0,0,0,0,0,0,0,0.46,0,0,0,0,0,0,0,0,0,2.676,32,91
0,0.35,0.7,0,0.35,0,0,0,0,0,0,0.7,0,0,0,1.05,0,0.7,2.11,0,1.4,0,0,0,0,0,0,0,0,0,0,0,0,0,0,0,0,0,0,0,0,0,0,0,0.35,0,0,0,0,0.122,0,1.284,0,0,3.639,61,313
1.24,0.41,1.24,0,0,0,0,0,0,0,0,0.41,0,0,0,0.41,0,0.82,3.73,0,1.24,0,0,0.41,0,0,0,0,0,0,0,0,0,0,0,0,0,0,0,0,0,0,0,0,0.41,0,0,0,0,0.065,0,0.461,0.527,0,3.166,19,114
0,0,0,0,0,0,0,0,0,0,0,0,0,0,0,0,0,0,0,0,0,0,0,0,0,0,0,0,0,0,0,0,0,0,0,0,3.33,0,0,0,0,0,0,0,0,0,0,0,0.305,0.611,0,1.529,0,0,5.5,22,66
0,0,0,0,0,0,0,0,0,0,0,0,0,0,0,0,0,0,0,0,0,0,0,0,0,0,0,0,0,0,0,0,0,0,0,0,3.33,0,0,0,0,0,0,0,0,0,0,0,0.305,0.611,0,1.529,0,0,5.5,22,66
0.05,0.3,0.4,0,0.1,0.05,0,0.05,0.1,0,0,0.3,0.2,0,0.05,0,0,0.5,1.55,0.3,0.75,0,0.15,0.2,0.05,0.05,0,0,0,0,0,0,0,0,0,0,0,0,0,0,0,0,0,0.05,0.05,0,0,0,0,0.045,0,0.054,0.118,0,2.37,96,588
0,0,0,0,1.28,0,2.56,1.28,1.28,1.28,1.28,1.28,0,0,0,0,5.12,0,2.56,1.28,5.12,0,0,0,0,0,0,0,0,0,0,0,0,0,0,0,0,0,0,0,0,0,0,0,0,0,0,0,0,0,0,0.542,0,0,102.666,304,308
0,0,0,0,0.92,0,0.3,0,0,0,0,0,0,0,0,0,0,0,0.3,0,0.61,0,0.61,0,0,0,0,0,0,0,0,0,0,0,0,0,0,0,0,0,0,0,0,0,0,0,0,0,0.046,0,0,0.092,0.322,0,2.074,49,278
0.5,0,0.5,0,1.51,0,0,0,0,0,0.5,1.01,0,0,0,0,0,0,4.04,0,3.03,0,0,0,0,0,0,0,0,0,0,0,0,0,0.5,0,0,0,0,0,0,0,0,0,1.01,0,0,0,0,0.089,0,0.089,0.178,0,3.416,53,164
0,0,0,0,0,0,0.59,0,0,0,0,1.19,0,0,0,0,0,0.59,4.76,0,1.19,0,0,0.59,0,0,0,0,0,0,0,0,0,0,0,0,0,0,0,0,0,0,0,0,0,0,0,0,0,0,0,0.427,0,0,10,33,170
0.41,0,0.41,0,0,0.41,0,0,0,0,0,2.07,0,0,0,0.41,0,0,7.05,0,2.48,0,0.82,0.41,0,0,0,0,0,0,0,0,0,0,0,0,0,0,0,0,0,0,0,0,0,0,0,0,0,0,0,0.97,0.149,0,32.142,335,450
0,0,0,0,0.4,0.4,0.4,0.4,0,0,0.4,0,0,0,0,0.4,0,0,4,0,2,0,0,0.4,0,0,0,0,0,0,0,0,0,0,0,0,0,0,0,0,0,0,0,0,0,0,0,0,0,0,0,0.121,0,0,1.979,12,95
0,0,0,0,0,0,0,0,0,0,0,0,0,0,0,0,0,0,0,0,0,0,2.53,0,0,0,0,0,0,0,0,0,0,0,0,0,0,0,0,0,0,0,0,0,1.26,0,0,0,0,0.215,0,0.215,0.431,0,4,25,76
0,0.39,0.39,0,0.19,0,0,0.19,0,0,0.39,0.39,0,0,0,0.98,0.19,0.39,0.59,0,0.78,0,0.19,0,0,0,0,0,0,0,0,0,0,0,0,0,0,0,0,0.19,0,0,0,0,0,0,0,0,0,0.128,0,0.16,0.16,0,2.128,31,730
0,0,0,0,0,0,0,0,0,0,0,0,0,0,0,0,0,0,0,0,0,0,2.53,0,0,0,0,0,0,0,0,0,0,0,0,0,0,0,0,0,0,0,0,0,1.26,0,0,0,0,0.215,0,0.215,0.431,0,4.277,27,77
1,0,0.33,0,0.66,0.66,0,0,0,0,0,0.33,0.66,0,0,0.66,0.66,0,2.33,0,0.33,0,1.66,0.33,0,0,0,0,0,0,0,0,0,0,0,0,0,0,0,0,0,0,0,0,0,0,0,0,0,0.06,0,0.12,0.541,0,5.428,21,304
0.39,0,0.39,0,0,0.39,0,0,0,0,0,0.39,0.78,0,0,0,1.17,0.78,3.13,0,1.17,0,0,1.56,0,0,0,0,0,0,0,0,0,0,0,0,0,0,0,0,0,0,0,0,0,0,0,0,0,0,0,0.261,0,0,1.461,19,114
0,0,0.62,0,0.62,0,0,0,0,0.62,0,0,0,0,0,0.62,0,0,1.24,0,0.62,0,0,0,0,0,0,0,0,0,0,0,0,0,0,0,0,0,0,0,0,0,0,0,0,0,0,0,0,0.105,0,1.055,0,0,2.033,16,120
0,0,1.68,0,0.33,0,0,0,0,0.33,0,0,0,0,0,0.33,0,0,2.02,0,0.67,0,0,0,0,0,0,0,0,0,0,0,0,0,0,0,0,0,0,0,0,0,0,0,0.33,0,0,0,0,0.06,0,0.484,0,0,1.796,19,203
0,0,0,0,0,0,0,0,0,0,0,1.4,0,0,0,0,0.7,0,1.4,0,1.4,0,0,0,0,0,0.7,0,0,0,0.7,0,0,0,0,0,0,0,0,2.11,0,0,0,0,0,0,0,0,0,0.266,0.066,0,0,0,18,200,378
0.08,0,0.22,0,0.04,0,0,0,0.44,0.04,0,0.22,0.04,0,0,0,0.04,0,0.17,0,0.08,0,0,0,0.39,0.44,0.04,0,0,0,0,0,0.57,0,0,0,0.08,0.08,0,0,0,0,0.04,0.04,0,0,0,0,0.163,0.197,0.058,0,0.011,0,3.851,64,1583
0,0,0,0,3.22,0,0,0,0,0,0,3.22,0,0,0,0,0,0,0,0,0,0,0,0,0,0,3.22,0,0,0,0,0,0,0,0,0,0,0,0,0,0,3.22,0,0,6.45,0,0,0,0,0.512,0,0,0,0,2.4,11,24
0.2,0,0.1,0,0,0,0,0.1,0,0,0,0.4,0.1,0,0,0,0.2,0,0,0,0,0,0.1,0,4.5,0.1,0,0,0,0,0,0,0.1,0,0,0.1,0.1,0.1,0,0,0,0.6,0,0,0,0,0,0,0.092,0.079,0,0,0.013,0,2.361,26,562
0,0,1.94,0,0,0,0,0,0,0.97,0,0.97,0,0,0,0,0,0,1.94,0,0,0,0,0,0.97,0.97,0,1.94,0,0.97,0,0,0,0,1.94,0,0,0,0,0,0,0.97,0,0,0,0,0,0,0,0.379,0,0,0,0,8.125,75,195
0,0,0,0,0,0,0,0,0,1.23,0,2.46,0,0,0,0,0,0,0,0,0,0,0,0,0,0,0,0,0,0,0,0,0,0,0,0,1.23,0,0,0,0,0,0,0,0,0,0,0,0,0.796,0,0,0,0,2.142,8,60
0.81,0,0.81,0,0.81,0,0,0,0,0,0,0.81,0,0,0,0,0,0,1.62,0,1.62,0,0,0,0.81,0,0,0,0,0,0,0,0,0,0.81,0,0,0,0,0,0,1.62,0,0,0,0,0,0,0,0.123,0,0.37,0,0,5.375,69,129
0,0,0,0,0,0,0,0,0,0,0,0,0,0,0,0,0,0,0,0,0,0,0,0,16.66,0,0,0,0,0,0,0,0,0,0,0,0,0,0,0,0,0,0,0,0,0,0,0,0,0,0,0,0,0,5,17,20
0.84,0,0,0,0,0,0,0,0,0,0,0.84,0,0,0,0,0,0,0.42,0,0,0,0,0,0,0,0,0,0,0,0,0,0,0,0,0,0,0,0,0,0,0,0,0.84,0,0,0,0,0.082,0.414,0,0,0,0,3.34,7,167
0,0,0,0,0,0,0,0,0,0,0,0,0,0,0,0,0,0,0,0,0,0,0,0,0,0,0,0,0,0,0,0,0,0,0,0,0,0,0,0,0,0,0,0,2.5,0,0,0,0,0,0,0,0,0,1.333,3,12
0.42,0,0,0,0.85,0.85,0,0,0,0.42,0,2.13,0,0,0,0,1.7,0,0.85,0,0.85,0,0,0.42,0,0,0,0,0,0,0,0,0,0,0,0.42,0,0,0,0,0,0,0,0,0,0,0,0,0,0,0,1.088,0,0,5.714,107,200
0.46,0,0.46,0,0,0,0,0.46,0,0,0,1.38,0,0,2.31,0,0.46,0.46,2.77,0,2.31,0,1.38,0,0,0,0,0,0,0,0,0,0,0,0,0,0,0,0,0.46,0,0,0,0,0,0,0,0,0,0.49,0,0.081,0.816,0,3.4,12,102
0.52,0,2.38,0,0.26,0,0.26,0,0.52,0,0.26,0,0,0,0,0.79,0,0,1.32,0,1.05,0,0,0.52,0,0,0,0,0,0,0,0,0.26,0,0,0.26,0.26,0,0.52,0,0,0,0,0,0,0,0,0,0,0.656,0,0.31,0,0,5.549,71,566
0,0,0,0,0,0,0,2.04,0,0,1.02,0,0,0,0,0,0,0,4.08,0,1.02,0,1.02,0,0,0,0,0,0,0,0,0,0,0,0,0,0,0,0,0,0,0,0,0,0,0,0,0,0,0,0,0.968,0,0,2.179,18,85
0.43,0,0,0,0.87,0.87,0,0,0,0.43,0,2.18,0,0,0,0,1.74,0,0.87,0,0.87,0,0,0.43,0,0,0,0,0,0,0,0,0,0,0,0.43,0,0,0,0,0,0,0,0,0,0,0,0,0,0,0,0.835,0,0,5.114,107,179
0,0,0,0,0,0,0,0,0,0,0,0,0,0,0,0,0,0,0,0,0,0,0,0,0,0,0,0,0,0,0,0,0,0,0,0,0,0,0,0,0,0,0,0,0,0,0,0,0,0,0,1.754,0,0,1,1,7
0,0.41,0.53,0,0.11,0.05,0,0.05,0.11,0,0,0.17,0.05,0,0,0.05,0,0.53,1.19,0.35,0.53,0,0.23,0.23,0,0,0,0,0,0,0,0,0,0,0,0,0,0,0,0,0,0,0,0,0,0,0,0,0,0.064,0.01,0.032,0.14,0,1.364,14,303
2.12,0,0,0,0.53,0.53,0,0,0,1.59,0,1.59,0,0,0,1.59,0.53,0.53,6.91,0,1.59,0,0.53,0.53,0,0,0,0,0,0,0,0,0,0,0,0,0,0,0,0,0,0,0,0,0,0,0,0,0,0.467,0,0.28,0.186,0,2.823,85,240
0,0,0,0,1.4,0.46,0.93,0,0,0,0,0,0.46,0,0,0.46,0.46,0,1.87,0,1.4,0,0,0,0,0,0,0,0,0,0,0,0,0,0,0,0,0,0,0,0,0,0,0,0,0,0,0,0,0.135,0,0.135,0,0,4,46,96
0,1.12,0.56,0,0.56,0.56,1.12,1.12,0,0,0.56,2.25,0,0,0,2.25,0,1.12,2.25,0,2.82,0,0.56,0,0,0,0,0,0,0,0,0,0,0,0,0,0,0,0,0,0,0,0,0,0,0,0,0,0,0,0,0,0,0,1.416,5,51
0,0,0.76,0,0.76,0,0,0,0,0,0,0,0,0,0,0,0,0,0.76,0,0,0,0,0,0.76,0,1.52,0.76,0.76,1.52,0.76,0.76,0,0.76,0.76,0.76,0.76,0,0,0.76,0,0.76,0,0,2.29,0,0,0,0,0.254,0,0.127,0,0,1.755,11,79
0,0,0,0,0,0,0,0,0,0,0,0,0,0,0,0,0,0,1.02,0,1.02,0,0,0,0,0,0,0,0,0,0,0,0,0,0,0,0,1.02,0,0,0,1.02,0,0,0,0,0,0,0,0,0,0,0.142,0,1.857,10,65
0.39,0.39,0,0,0.39,0,0,0,0,0.39,0,1.19,0,0.39,0,0,0,0,1.19,0,0,0,0,0,2.77,1.98,1.19,1.19,0.39,0.39,0.39,0.39,0,0.39,1.19,0.39,0.39,0,0,0.39,0,0.39,0.39,0,0.39,0,0,0,0.125,0.377,0.439,0,0,0,2.238,13,141
0,0,0,0,0,0,0,0.86,0,0,0,2.58,0,0,0,0,0.86,0,2.58,0,0,0,0,0,1.72,0,0,0,0,0.86,0,0,0,0,0,0.86,0,0,0,0,0,0,0,0,0,0,0,0,0,0,0,0.141,0,0,1.535,8,43
0,0,0.58,0,0,0,0,0,0,0,0,0,0,0,0,0,0,0.58,0,0,0,0,0,0.58,1.75,1.16,0,0.58,0,0.58,0.58,0,0,0,0.58,0.58,0,0,0,0,0,0,0,0,0,0,0,0,0,0.059,0,0,0,0.178,2.506,11,183
0,0,0,0,0,0,0,0,0.43,0,0,2.17,0,0,0,0,0,0,0.86,0,0,0,0,0,0.86,0.43,0,1.3,0,0,0,0,0,0,0.86,0,0,0,0,0,0,0,0,0,0,0,0,0,0,0.248,0,0,0,0,2.119,15,142
0,0,0,0,0,0,0,0,0,0.55,0,0.55,0,0,0,0,0,0,1.11,0,0.55,0,0,0,2.77,2.22,1.11,0.55,0.55,0.55,0.55,0.55,0.55,0.55,0.55,0.55,1.66,0,0.55,0.55,0,0,1.11,0,1.11,0,0,0,0,0.603,0.086,0,0,0,2.113,13,167
0,0,0,0,0,0,0,0,0,0,0,1.49,0,0,0,0,0,0,0,0,0,0,0,0,1.49,1.49,0,0,0,0,0,0,0,0,0,0,0,0,0,0,0,0,0,0,0,1.49,0,0,0,0,0,0,0,0,2,8,36
0,0,0,0,0,0,0,0,0,0.65,0,0,0,0,0,0,0,0,0,0,0.65,0,0,0,0,0,0.65,0,0.65,0,0,0,0.65,0,0,0,0,0,0,0,0,0,0,0,0,0,0,0,0,0.327,0.109,0,0,0.109,3.857,28,162
0.36,0,1.47,0,0.36,0,0,0,0.36,0,0.36,3.32,0,0,0,0,0,0,1.1,0,0.36,0,0,0,0.36,0.36,0,0,0,0,0,0,0,0,0,0,1.1,0,0,0,0,1.1,0,0,0,0,0,0,0,0.051,0,0,0,0,2.293,45,172
0.17,0,0.08,0,0.42,0.08,0.08,0.42,0.08,0.08,0,0.6,0.17,0.17,0,0,0.17,0.08,1.2,0,3.17,0,0.34,0.08,0,0,0,0,0,0,0,0,0,0,0,0,0,0,0,0,0,0,0,0,0,0,0,0,0,0.081,0.027,0.108,0.013,0,4.07,48,574
0.51,0.51,0,0,0,0,0.51,0,0,0.51,0,0,0,0,0.51,2.07,0,2.07,1.03,0,1.03,0,0,0,0,0,0,0,0,0,0,0,0,0,0,0,0,0,0,0,0,0,0,0,0,0,0,0,0,0.135,0,0.067,0,0,2.676,17,91
0.43,0,0.43,0,0.43,0,0.86,0,0,0,0,0.43,0,0,0,0,0.86,0.43,1.29,0,4.76,0,0,1.29,0,0,0,0,0,0,0,0,0,0,0,0,0,0,0,0,0,0,0,0,0,0,0,0,0.14,0,0,0.915,0,0,3.891,47,144
0.45,0,0,0,0.68,0.45,0,0.45,0,0.22,0.22,0,1.6,0,0.45,0,0.91,1.83,1.83,0,0.68,0,1.6,0,0,0,0,0,0,0,0,0,0,0,0,0,0,0,0,0.91,0,0,0,0,0,0,0,0,0,0.037,0,0.187,0.112,0,3.184,30,363
0,0,1.12,0,0.56,0,0,0,0,0.56,0,0,0,0,0,0.56,0,0,2.25,0,1.12,0,0,0,0,0,0,0,0,0,0,0,0,0,0,0,0,0,0,0,0,0,0,0,0.56,0,0,0,0,0.102,0,0.615,0,0,2.403,19,137
0,0,0.55,0,0.55,0,0,0,0,0.55,0,0,0,0,0,0.55,0,0,1.67,0,0.55,0,0,0,0,0,0,0,0,0,0,0,0,0,0,0,0,0,0,0,0,0,0,0,0.55,0,0,0,0,0.099,0,0.893,0,0,2.122,16,121
0.22,0.22,0.22,0,1.77,0.22,0.44,0.44,0.22,2.88,0,0.88,0.22,0,1.11,0.44,0,0.44,3.33,0,3.33,0,0.44,0.44,0,0,0,0,0,0,0,0,0,0,0,0,0,0,0,0.44,0,0,0,0,0,0,0,0,0,0,0,0.563,0.15,0,86.65,1038,1733
0,0,0,0,0,0,1.04,0,0,0,0,0,0,0,0,2.08,0,0,2.08,0,2.08,0,0,0,0,0,0,0,0,0,0,0,0,0,0,0,0,0,0,0,0,0,0,0,0,0,0,0,0,0,0,0,0,0,3.812,11,61
0,0,0,0,2.5,0,0,0,0,0,0,0.62,0,0,0,0,1.25,0,3.12,0,0.62,0,0,0,0,0,0,0,0,0,0,0,0,0,0,0,0,0,0,0,0,0,0,0,0,0,0,0,0,0,0,0.08,0,0,2.111,18,57
0,0.9,0,0,0,0,0,0,0,0,0,0,0,0,0,0.9,0,1.81,3.63,0,2.72,0,0,0,0,0,0,0,0,0,0,0,0,0,0,0,0,0,0,0,0,0,0,0,0.9,0,0,0,0,0,0,0.165,0.165,0,6.266,41,94
0.17,0.26,1.07,0,0.35,0.62,0.53,0.17,0.62,0.8,0.26,1.25,0.17,0,0.62,0.62,0.08,1.43,2.5,0.17,1.16,0,0.89,0.08,0,0,0,0,0,0,0,0,0,0,0,0,0,0,0,0.08,0,0,0,0,0.08,0,0,0,0,0.066,0,0.212,0.185,0.013,6.815,583,1329
1.03,0,0.68,0,1.03,0,0.68,0,0,0.68,0,0.68,0,0,0.34,0.68,0,0,5.86,0,1.37,0,0.34,0.34,0,0,0,0,0,0,0,0,0,0,0,0,0,0,0,0,0,0,0,0,0.34,0,0,0,0,0,0,0.366,0.061,0,1.895,12,91
0.26,0.26,0.52,0,0.39,0,0.39,0.13,0,0.26,0,0.78,0.26,0,0,1.57,0,0.26,2.61,0,1.57,0,0.13,0.39,0,0,0,0,0,0,0,0,0,0,0,0,0.13,0,0,0,0,0,0,0,0,0,0,0,0,0.129,0,0.779,0.021,0.021,2.689,49,476
0.19,0.19,0.39,0,0.19,0,0,0.59,0,0,0,0.39,0,0,0,0.59,0.39,1.37,4.52,0,3.14,0,0,0.19,0,0,0,0,0,0,0,0,0,0,0,0,0.19,0,0,0,0,0,0,0,0,0,0,0,0,0,0,0.258,0.032,0,3.112,43,305
0,1.49,0,0,0,0,2.98,0,0,1.49,0,0,0,0,0,1.49,2.98,0,0,0,2.98,0,0,0,0,0,0,0,0,0,0,0,0,0,0,0,0,0,0,0,0,0,0,0,0,0,0,0,0,0.171,0,0,0.171,0.171,13,140,156
0,0,0.16,0,0.33,0,0.16,0,0.5,0,0.16,0,0,0,0,0.5,0,1.5,0.66,0,0,0,0,0,0.33,0,0,0,0,0,0,0,0,0,0,0,0,0,0,0,0,0,0,0,0,0,0,0,0,0.088,0,0.884,0.752,0.022,5.328,47,1087
0,0,1.1,0,0.55,0,0,0,0,0.55,0,0,0,0,0,0.55,0,0,2.2,0,1.1,0,0,0,0,0,0,0,0,0,0,0,0,0,0,0,0,0,0,0,0,0,0,0,0.55,0,0,0,0,0.097,0,0.683,0,0,2.338,19,145
0.17,0,0.08,0,0.43,0.08,0.08,0.43,0.08,0.08,0,0.6,0.17,0.17,0,0,0.17,0.08,1.2,0,3.14,0,0.34,0.08,0,0,0,0,0,0,0,0,0,0,0,0,0,0,0,0,0,0,0,0,0,0,0,0,0,0.081,0.027,0.088,0.013,0,4.16,48,1140
0,0.54,0.54,0,1.09,0.54,2.18,0,0,0.54,0,0.54,0,0,0,0,0,0.54,3.27,0,1.09,0,0,0,0,0,0,0,0,0,0,0,0,0,0,0,0,0,0,0,0,0,0,0,0.54,0,0,0,0,0.157,0,0.471,0,0.078,15.08,147,377
0,0,0,0,0,0,0,0,0,0,0,0,0,0,0,1.05,0,0,0,0,2.1,0,0,0,0,0,0,0,0,0,0,0,0,0,0,0,0,0,0,0,0,0,0,1.05,0,0,0,0,0,0,0,1.806,0,0,1.293,5,75
0,0,0.45,0,0.22,0.22,0,0,0.67,0.45,0.22,0.9,0,0,0,0.22,0,0,1.35,0,1.12,0.22,0.22,0.22,0,0,0,0,0,0,0,0,0,0,0,0.45,0,0,0,0,0,0,0,0,0,0,0,0,0.064,0.258,0,0.129,0.193,0,7.258,71,617
0,0.55,0.55,0,1.11,0.55,2.23,0,0,0.55,0,0.55,0,0,0,0,0,0.55,3.35,0,1.11,0,0,0,0,0,0,0,0,0,0,0,0,0,0,0,0,0,0,0,0,0,0,0,0.55,0,0,0,0,0.159,0,0.479,0,0.079,16.739,147,385
0,0.55,0.55,0,1.11,0.55,2.23,0,0,0.55,0,0.55,0,0,0,0,0,0.55,3.35,0,1.11,0,0,0,0,0,0,0,0,0,0,0,0,0,0,0,0,0,0,0,0,0,0,0,0.55,0,0,0,0,0.159,0,0.479,0,0.079,16.739,147,385
0.48,0.2,0.55,0,0.27,0.2,0,0.27,0.27,0.97,0.41,0.97,0.13,0,0,1.11,0.69,0.06,2.23,0,0.97,0,0.06,0.69,0,0,0,0,0,0,0,0,0,0,0,0,0,0,0,0.06,0,0,0,0,0.13,0,0,0,0,0.105,0,0.75,0.305,0,3.401,94,966
0,0,0,0,0,0,0,0,0,0,0,0,0,0,0,4,0,0,0,0,0,0,0,0,0,0,0,0,0,0,0,0,0,0,0,0,0,0,0,0,0,0,0,0,0,0,0,0,0,0,0,2.453,0,0,4.153,26,54
0.8,0,0.8,0,1.6,0,0,0,0,0,0,0,0,0,0,0.8,0.8,0,1.6,0,2.4,0,0.8,0,0,0,0,0,0,0,0,0,0,0,0,0,0,0,0,0,0,0,0,0,0,0,0,0,0,0,0,1.62,0.347,0,2.604,22,125
0,0,0.33,0,0.99,0.99,0.33,0.33,0,0,0,0.33,0.33,0,0,0.33,0.33,0,1.98,0,3.3,0,0,0.33,0,0,0,0,0,0,0,0,0,0,0,0,0,0,0,0,0,0,0,0,0.33,0,0,0,0,0.108,0,0,0.162,0.054,2.195,50,202
0,0,0.33,0,0.99,0.99,0.33,0.33,0,0,0,0.33,0.33,0,0,0.33,0.33,0,1.98,0,3.3,0,0,0.33,0,0,0,0,0,0,0,0,0,0,0,0,0,0,0,0,0,0,0,0,0.33,0,0,0,0,0.107,0,0,0.161,0.053,2.195,50,202
0,0.79,0,0,0,0,0,0,0,0,0,0,0,0,0,0.79,0.79,1.58,3.17,0,1.58,0,0,0,0,0,0,0,0,0,0,0,0,0,0,0,0,0,0,0,0,0,0,0,0.79,0,0,0,0,0.271,0,0.271,0.135,0,3.257,26,114
0,0,1,0,0,0.25,0,0.25,0,0,0,1.5,0.25,0,0,0.25,0.5,0,2.5,0,1.5,0,0,0.25,0,0,0,0,0,0,0,0,0,0,0,0,0,0,0,0,0,0,0,0,0,0,0,0,0,0,0,0.203,0.203,0,2.866,34,129
0,0,0,0,0.83,0.41,0,0.83,0,0,0,1.67,0,0,0,0,0,0,0,0,0,0,0,0,0,0.41,0,0,0,0,0,0,0,0,0,0,0.41,0,0,0,0,0,0,0,0,0,0,0,0,0.068,0,0,0,0,1.673,5,82
0,0,0.87,0,0.87,0,0,0,0,0.87,0,0,0,0,0,0,0,0,0,0,0.87,0,0,0,1.75,0.87,2.63,0,0,0,0,0,0,0,0,0,0.87,0,0,0,0,0,0.87,0,0.87,0,0,0,0,0.283,0.141,0,0,0,1.785,15,75
0,0,0,0,0,0,0,0,0,1.63,0,0,0,0,0,0,0,0,0,0,0,0,0,0,0,0,1.63,0,0,0,0,0,1.63,0,0,0,0,0,0,0,0,0,0,0,0,0,0,0,0,0.272,0.272,0,0,0,4.19,26,88
0,1.36,0.9,0,0,0,0,0,0,1.81,0,0.45,0,0,0,0,0,1.81,0,0,3.18,0,0,0,0.45,0,0,0,0,0,0,0,0.9,0,0,0,0,0,0,0,0,0,0,0,0,0,0,0,0,0.199,0,0,0,0,3.382,53,159
0.1,0,0.1,0,0.1,0.1,0,0.4,0,0,0.1,0.8,0,0,0,0,0,0.1,0.1,0,0,0,0,0,0.1,0,0,0.1,0,0,0,0,0.1,0,0,0,0.3,0,0.1,0,0,0.4,0.2,0.2,0,0.8,0,0,0.015,0.136,0.015,0,0.015,0,1.636,18,527
0.9,0,0,0,0,0,0,0,0,0,0,0.9,0,0,0,0,0,0,0,0,0,0,0,0,0.9,0.9,0,0,0,0,0,0,0,0.9,0,0,0.9,0,0,0,0,0,0,0,0,0,0,0,0,0.15,0,0,0,0,3.225,22,129
0,0,0,0,0,0,0,0,0,0,0,0,0,0,0,0,0,0,3.84,0,0,0,0,0,0,0,0,0,0,0,0,0,0,0,0,0,0,0,0,0,0,0,0,0,0,0,0,0,0,0,0,0,0,0,1,1,6
0,0,0,0,0,0,0,0,0,0,0,0,0,0,0,0,0,0,0.66,0,0.33,0,0,0,5.66,2.66,2,0.66,0.66,0.66,0.66,0.66,0,0.66,0.66,0.66,0.66,0,0.33,0.66,0,0,0.66,0,0.66,0,0,0,0.101,0.254,0.101,0.05,0.05,0,2.725,15,248
0.2,0,0.2,0,0.2,0,0,0,0,0,0,1,0.2,0,0,0,0,0.2,0.4,0,0,0,0,0,2.61,1.2,0,0.4,0,0,0,0,0.8,0,0.4,0,0.8,0,0,0,0,0,0,0,0,0.2,0,0,0.061,0.462,0.061,0,0,0,2.61,24,308
0,1.32,0,0,0,0,0,0,0.66,0.66,0,0.22,0,0,0,0,0,0.88,0.66,0,0.88,0,0,0,1.76,0,1.54,0,0,0.44,0,0,0.44,0,0,0,0,0,0.44,0,0,0,0,0,0,0,0,0,0,0.023,0,0.023,0.047,0.094,8.76,161,876
0.14,0.14,0.29,0,0,0,0,0,1.17,0.29,0.14,0.58,0,0,0,0.14,0,0.14,2.35,0.14,0.88,0,0,0.44,0,0,0,0,0,0,0,0,0,0,0,0,0,0.29,0,0,0,0,0,0,0,0,0,0,0,0.204,0,0.204,0.127,0.102,2.962,73,400
0.25,0.25,0,0,0.75,0,0,0,0.25,0.75,0,1.51,0,1.26,0,0,0.5,0,3.29,0,1.01,0,0,0,0,0,0,0,0,0,0,0,0.25,0,0,0,0,0,0,0,0,0,0,0,0,0,0,0,0,0.082,0,0.041,0.124,0.124,3.181,32,210
0,0.57,0.57,0,1.14,0.57,2.28,0,0,0.57,0,0.57,0,0,0,0,0,0.57,3.42,0,1.14,0,0,0,0,0,0,0,0,0,0,0,0,0,0,0,0,0,0,0,0,0,0,0,0.57,0,0,0,0,0.081,0,0.487,0,0.081,16.217,147,373
0,0,0.14,0,0.29,0,0.14,0,0.58,0,0.29,0,0,0,0,0.87,0,1.46,0.58,0,0,0,0,0,0,0,0,0.43,0,0,0,0,0,0,0,0,0.29,0,0,0,0,0,0,0,0,0,0,0,0,0.08,0,0.764,0.784,0.02,4.979,45,1200
0.4,0,0.6,0,0.2,0.6,0.2,0.6,0.2,0.2,0.2,1.2,0,0,0,0.4,1.61,0.4,2.21,1.81,2.62,0,0.2,0.6,0,0,0,0,0,0,0,0,0,0,0,0,0,0,0,0,0,0,0,0,0,0,0,0,0,0.096,0,1.453,0.129,0,3.946,64,513
0,0,0,0,0,0,5.4,0,0,0,0,0,0,0,0,5.4,0,0.9,1.8,0,0.9,0,0,0,0,0,0,0,0,0,0,0,0,0,0,0,0,0,0,0,0,0,0,0,0,0,0,0,0,0,0,0.841,0.21,0,24.785,295,347
0.17,0.17,0.71,0,0.53,0.17,0.17,0.89,0.17,0.53,0.35,1.61,0,0,0,0,1.79,0,1.97,1.61,4.12,0,0,0.35,0,0,0,0,0,0,0,0,0,0,0,0,0,0,0,0.17,0,0,0,0,0,0,0,0,0,0.115,0,1.158,0.057,0,5.163,63,599
0,0,0,0,0,0,0,1.05,0,0,0.52,1.05,0.52,0,0,1.05,0,0,3.7,1.05,1.05,0,1.58,0.52,0,0,0,0,0,0,0,0,0,0,0,0,0,0,0,0,0,0,0,0,0,0,0,0,0,0,0,0.702,0.263,0,6.487,47,266
0.64,0,0.64,0,1.28,0,0.64,0,0,0,0,0.64,0,0,0,0.64,0.64,0,1.28,0,2.56,0,0.64,0,0,0,0,0,0,0,0,0,0,0,0,0,0,0,0,0,0,0,0,0,0,0,0,0,0,0,0,0.554,0.369,0,2.333,22,119
0,0,0,0,0,0,0,0,0,0,0,1.81,0,0,0,0,0,0,0,0,1.81,0,0,0,0,0,0,0,0,0,0,0,0,0,0,0,0,0,0,0,0,0,0,0,0,0,0,0,0,0,0,0.309,0,0,1.333,11,56
0,2.07,0,0,0,0,0,0,1.55,0,0,0.51,0,0,0,0,0,0,1.03,0,0,0,0,0,0.51,0,2.59,0,0,0,0,0,0,0,0,0,0,0,0,0,0,0,0,0,0,0,0,0,0,0.07,0,0,0.141,0.211,25.812,104,413
0.34,0,0,0,0,0,0,0,0.34,0.68,0,1.02,0,0,0,0,0,0,1.36,0,0.68,0,0,0,2.38,1.7,0.68,1.7,0.68,0.34,0.34,0.34,0,0.34,0.34,0.34,0.68,0,0.68,0.34,0,0,0.68,0,0.34,0,0,0,0.052,0.42,0.052,0,0,0.052,2.604,13,250
0,0,0,0,0,0,0,0,0,0.47,0,0,0,0,0,0,0,0,0,0,0,0,0,0,0,0,0.47,0,0.47,0,0,0,0.47,0,0,0,0,0,0,0,0,0,0,0,0,0,0,0,0,0.074,0.297,0,0,0.074,4.308,28,293
0,0,0,0,4.54,0,0,0,0,0,0,0,0,0,0,0,0,0,0,0,0,0,0,0,0,0,0,0,0,0,0,0,0,0,0,0,0,0,0,0,0,4.54,0,4.54,0,0,0,0,0,0,0,0,0,0,2,5,16
0,0,0,0,0,0,0,0,0,1.02,0,0,0,0,0,0,0,0,0,0,0,0,0,0,2.04,1.02,2.04,2.04,0,0,0,0,0,0,0,0,1.02,0,0,0,0,0,1.02,0,2.04,0,0,0,0,0.323,0,0,0,0,2.682,13,110
0,0,0,0,0,0,0,0,0,0,0,0,0,0,0,0,0,0,0,0,2.38,0,0,0,2.38,0,0,4.76,0,0,0,0,2.38,0,2.38,0,0,0,0,0,0,0,0,0,0,0,0,0,0,0.749,0,0.374,0,0,2.85,15,57
1.05,0,0,0,1.05,0,0,0,0,0,0,2.1,0,0,0,0,0,0,4.21,0,2.1,0,0,0,1.05,1.05,0,0,0,0,0,0,0,0,0,0,0,0,0,0,0,1.05,0,0,0,0,0,0,0,0.171,0,0,0,0,2.541,12,61
0,0,0,0,0,0.8,0,0,0,0,0,1.61,0,0,0,0,0,0,0.8,0,0.8,0,0,0,0.8,0,0,0,0,0,0,0,0,0,0,0,0,0,0,0,0,0,0,0,0,0,0,0,0,0.417,0,0.139,0,0,1.411,5,24
0,0.55,0,0,0,0,0,0,0,0,0,1.67,0,0,0,0,0,0,2.79,0,1.67,0,0,0,0,0,0,0,0,0,0,0,0.55,0,0,0,0,0,0,0,0,0,0,0,0,0,0,0,0,0.083,0,0,0,0,1.392,4,39
0,0,0,0,0,0,0,0,0,0,0,0,0,0,0,0,0,0,0,0,0,0,0,0,0,0,0,0,0,0,0,0,0,0,0,0,0,0,0,0,0,0,0,0,0,0,0,0,0,0,1.098,0,0,0,2.375,5,19
0,0,0,0,0,0,0,0,1.81,0,0,0,0,0,0,0,0,0,7.27,0,1.81,0,0,0,0,0,1.81,0,0,0,0,0,0,0,0,0,0,0,0,0,0,0,0,0,0,0,0,0,0,0.316,0,0,0,0,1.125,2,9
0,0,0,0,0,0,0,0.08,0,0,0,0.08,0,0,0,0,0.08,0,0,0,0,0,0,0,0.08,0.08,0.08,0,0,0,0,0,0,0,0,0.42,0,0,0,0,0.08,0,0,0,0,0,0,0.34,0.081,0.451,0,0,0,0,1.833,18,935
0,0,0,0,0,0,0,0,0,0,0,0,0,0,0,0,0,0,1.7,0,0.85,0,0,0,0.85,0,0,0,0,0,0,0,0.85,0,0,0,0,0,0,0,0,0.85,0,0.85,0,0,0,0,0,0,0.138,0,0,0,1.228,4,43
0,0,0,0,0,0,0,0,0,0,0,0,0,0,0,0,0,0,0,0,0,0,0,0,0,0,16.66,0,0,0,0,0,0,0,0,0,0,0,0,0,0,0,0,0,0,0,0,0,0,0,0,0,0,0,1.25,2,5
0,0,0.33,0,0.08,0,0,0.16,0,0,0,1,0.08,0,0,0,0.25,0,0.16,0,0,0,0,0,2.68,0,0,0,0,0,0,0,0.08,0,0,0.08,0.08,0,0,0,0,0.25,0,0,0.16,0,0,0,0.134,0.089,0,0,0,0,2.432,24,557
0,0,0,0,0,0,0,0,0,0.54,0,0,0,0,0,0,0,0,1.62,0,0,0,0,0,1.62,1.08,1.08,1.62,0.54,0.54,0.54,0.54,0,0.54,0.54,0.54,0.54,0,0,0.54,0,0,0.54,0,0.54,0,0,0,0,0.559,0,0,0,0,3.039,13,155
0,0,0,0,0,0,0,0,0,0,0,3.03,0,0,0,0,0,0,0,0,0,0,0,0,0,0,0,0,0,0,0,0,0,0,0,0,0,0,0,0,0,0,0,0,0,0,0,0,0,0,0,0.5,0,0,1.538,8,20
0,0,0,0,0,0,0,0,0,4.34,0,2.17,0,0,0,0,0,0,0,0,0,0,0,0,0,0,0,0,0,0,0,0,0,0,0,0,0,0,0,0,0,0,0,0,0,0,0,0,0,0,0,0,0,0,1,1,7
0,0,0,0,0,0,0,0,0,0,0,0,0,0,0,0,0,0,0,0,0,0,0,0,0,0,20,0,0,0,0,0,0,0,0,0,0,0,0,0,0,0,0,0,0,0,0,0,0,0,0,0,0,0,1,1,5
0,0,0,0,0,0,0,0,0,0,0,0,0,0,0,0,0,0,0,0,0,0,0,0,0,0,16.66,0,0,0,0,0,0,0,0,0,0,0,0,0,0,0,0,0,0,0,0,0,0,0,0,0,0,0,4.333,11,13
0,0,0,0,1.29,0.43,0.43,0,0,0,0,0,0.43,0,0,0.43,0.43,0.43,1.72,0,0.86,0,0,0,0,0,0,0,0,0,0,0,0,0,0,0,0,0,0,0,0,0,0,0,0,0,0,0,0,0.129,0,0.129,0,0,5.8,46,116
0.18,0,0.18,0,1.57,0.36,0.06,0.06,0.06,0.12,0.06,0.54,0.3,0.06,0,0,0.72,0.06,4.49,0.24,1.09,0,0.85,0.06,0,0,0,0,0,0,0,0,0,0,0,0,0,0,0,0,0,0,0.06,0,0.06,0,0,0,0.01,0.052,0,0.01,0.167,0,1.74,12,442
0,0,1.31,0,0,0,0,0,0,0,0,1.31,0,0,0,0,0,0,1.31,0,5.26,0,0,1.31,0,0,0,0,0,0,0,0,0,0,0,0,0,0,0,0,0,0,0,0,0,0,0,0,0,0,0,0,0.199,0,4.818,25,53
0,1.31,0.56,0,0,0.93,0,0.18,0.37,0.75,0,2.06,0,0,0,0,0.37,0,2.44,0,0.93,0,0,0.18,0,0,0.18,0,0,0,0,0,0,0,0,0,0,0,0,0,0,0,0,0,0,0,0,0,0,0.08,0,0.268,0.107,0,2.698,42,251
0,1.32,0.56,0,0,0.94,0,0.18,0.37,0.75,0,2.07,0,0,0,0,0.37,0,2.45,0,0.94,0,0,0.18,0,0,0.18,0,0,0,0,0,0,0,0,0,0,0,0,0,0,0,0,0,0,0,0,0,0,0.08,0,0.241,0.107,0,2.623,35,244
0,0,0.32,0,0.65,0.65,0.32,0.32,0,0,0,0.32,0.32,0,0,0.32,0.32,0,2.28,0,3.25,0,0,0.32,0,0,0,0,0,0,0,0,0,0,0,0,0,0,0,0,0,0,0,0,0.32,0,0,0,0,0.105,0,0,0.157,0,1.494,10,139
0,0,0,0,0,0,0,0,0,0,0,0,0,0,0,0,0,0,0,0,0,0,0,0,0,0,0,0,0,0,0,0,0,0,0,0,0,0,0,0,0,0,0,0,0,0,0,0,0,0,0,0,0,0,1.266,4,19
0,1,1,0,2,0,1,0,0,0,0,0,0,0,0,0,2,3,2,0,4,0,1,1,0,0,0,0,0,0,0,0,0,0,0,0,0,0,0,0,0,0,0,0,0,0,0,0,0,0,0,0.275,0.137,0,2.538,11,33
0,0,0,0,0,0,0,0,0,0,0,0,0,0,0,1.05,1.05,0,3.15,0,2.1,0,0,0,0,0,0,0,0,0,0,0,0,0,0,0,0,0,0,0,0,0,0,0,1.05,0,0,0,0,0.351,0,0.351,0.175,0,3.343,28,107
0,0,1.53,0,0,0,0,0,0,0,1.53,0,0,0,0,0,0,0,3.07,0,0,0,0,0,0,0,0,0,0,0,0,0,0,0,0,0,0,0,0,0,0,0,0,0,1.53,0,0,0,0,0,0,1.434,0,0,7.055,75,127
0,0,0,0,0,0,0,0,0,0,0,0,0,0,0,1.28,0,0,3.84,0,3.84,0,0,0,0,0,0,0,0,0,0,0,0,0,0,0,0,0,0,0,0,0,0,0,1.28,0,0,0,0,0,0,0.23,0.23,0,5.538,41,72
0,0,0,0,0,0,0,0,0,0,0,0,0,0,0,1.28,0,0,3.84,0,3.84,0,0,0,0,0,0,0,0,0,0,0,0,0,0,0,0,0,0,0,0,0,0,0,1.28,0,0,0,0,0,0,0.23,0.23,0,5.538,41,72
0,0,0,0,0,0.6,0.6,0,0,0,0.6,0,0,0,0,0,0,1.21,1.82,0,0,0,0,0,0,0,0,0,0,0,0,0,0,0,0,0,0,0,0,0,0,0,0,0,0,0,0,0,0,0.095,0,0,0,0,1.583,11,38
0,0,0,0,0,0,0,0,0,0,0,0,0,0,0,1.28,0,0,3.84,0,3.84,0,0,0,0,0,0,0,0,0,0,0,0,0,0,0,0,0,0,0,0,0,0,0,1.28,0,0,0,0,0,0,0.23,0.23,0,5.538,41,72
0.65,0,0.65,0,1.3,0,0,0,0,0,0,0.65,0,0,0,1.3,0.65,0,1.96,0,2.61,0,0.65,0,0,0,0,0,0,0,0,0,0,0,0,0,0,0,0,0,0,0,0,0,0,0,0,0,0,0,0,0.834,0.463,0,2.44,22,122
0,0,0,0,0,0,0,1.29,0,0.43,0,0,0,0,0,0.43,0,1.73,0.43,0,0.43,0,0,0,0,0,0,0,0,0,0,0,0,0,0,0.43,0,0,0,0,0,0,0,0,0,0,0,0,0,0.124,0,0.31,0.062,0,1.477,8,65
0.64,0,0.64,0,1.93,0,0,0,0,0,0,1.29,0,0,0,1.29,0.64,0,1.93,0,2.58,0,0.64,0,0,0,0,0,0,0,0,0,0,0,0,0,0,0,0,0,0,0,0,0,0,0,0,0,0,0,0,0.462,0.37,0,2.44,22,122
0,0,0,0,0,0,0,0,0,0,0,0,0,0,0,1.28,0,0,3.84,0,3.84,0,0,0,0,0,0,0,0,0,0,0,0,0,0,0,0,0,0,0,0,0,0,0,1.28,0,0,0,0,0,0,0.23,0.23,0,5.538,41,72
0,0,0,0,0,0,0.45,0.91,0.45,0.91,0,0,0,0,0,0,0.45,0.45,0.91,0,0.45,0,0.45,0,0,0,0,0,0,0,0,0,0,0,0,0,0,0,0,0,0,0,0,0,0,0,0,0,0,0.254,0,0.063,0.127,0,4.735,46,161
0.48,0,1.45,0,0.48,0,0,0,0,0,0,0,0,0,0,0.48,0,0,4.36,0,1.94,0,0,0,0,0,0,0,0,0,0,0,0,0,0,0,0,0,0,0,0,0,0,0,0.48,0,0,0,0,0.09,0,2.443,0,0,1.227,8,81
0,0,0.32,0,0.65,0.65,0.32,0.32,0,0,0,0.32,0.32,0,0,0.32,0.32,0,2.28,0,3.25,0,0,0.32,0,0,0,0,0,0,0,0,0,0,0,0,0,0,0,0,0,0,0,0,0.32,0,0,0,0,0.105,0,0,0.158,0,1.494,10,139
0,0,0.71,0,0.23,0,0,0,0.23,0.23,0.23,1.9,0,0,0,0.23,0,0,3.81,0.23,1.19,0,0,0,0,0,0,0,0,0,0,0,0,0,0,0,0,0,0,0,0,0,0,0,0,0,0,0,0,0.109,0,1.018,0.036,0,4.022,97,543
0,0,0,0,0,0,1,0,0,0,0,1,0,0,0,0,0,0,5,0,2,0,0,0,0,0,0,0,0,0,0,0,0,0,0,0,0,0,0,0,0,0,0,0,0,0,0,0,0,0,0,0.11,0,0,3.178,62,89
0.05,0,0.29,0,0.23,0.17,0.05,0,0,0,0.65,0.82,0,0,0,0.76,0.11,0.11,1.53,0.29,1.3,0,0.23,0.05,0,0,0,0,0,0,0,0,0,0,0,0,0,0,0,0,0,0,0,0,0,0,0,0,0.009,0.129,0,0.102,0.259,0,1.493,8,660
0,0,0.32,0,0.64,0.64,0.32,0.32,0,0,0,0.32,0.32,0,0,0.32,0.32,0,2.27,0,3.24,0,0,0.32,0,0,0,0,0,0,0,0,0,0,0,0,0,0,0,0,0,0,0,0,0.64,0,0,0,0,0.104,0,0,0.157,0,1.494,10,139
0,0,1.34,0,0.67,0,0,0,0,0,0,0,0,0,0,0,0,0.67,0.67,0,0.67,0,0,0,0,0,0,0,0,0,0,0,0,0,0,0,0,0,0,0,0,0,0,0,0.67,0,0,0,0,0,0,0.332,0.11,0,2.315,12,132
0,0.02,0.05,0,0.02,0,0,0.05,0,0.35,0,0.02,0,0,0,0.05,0.1,0.38,0.07,0.2,0.17,0,0,0,0.02,0,0,0,0,0,0,0,0,0,0,0,0,0,0,0,0,0,0,0,0,0,0,0,0,0.004,0,0.107,0.017,0.017,3.922,489,3271
0,0,0,0,1.48,0.74,1.48,0,0,0.74,0.74,0.74,0.74,0,0,0.74,0.74,0,2.22,0,3.7,0,0,0,0,0,0,0,0,0,0,0,0,0,0,0,0,0,0,0,0,0,0,0,0,0,0,0,0,0,0,0.108,0,0,2.346,12,61
0,0,1.31,0,0,0,0,0,0,0,0,1.31,0,0,0,0,0,0,1.31,0,5.26,0,0,1.31,0,0,0,0,0,0,0,0,0,0,0,0,0,0,0,0,0,0,0,0,0,0,0,0,0,0,0,0,0.199,0,4.818,25,53
0.6,0,0.36,0,1.44,0,0,0,0.24,1.32,0.72,2.52,0.6,0,0,0.6,0.24,0,4.44,0,1.8,0,0.72,0.96,0,0,0,0,0,0,0,0,0,0,0,0,0,0,0,0,0,0,0,0,0.12,0,0,0,0,0.04,0,0.101,0.202,0,3.548,54,479
0,0,0,0,0,0,0,0,0,0,0,0,0,0,0,0,0,0,0,0,0,0,0,0,0,4.76,0,0,0,0,0,0,0,0,0,0,0,0,0,0,0,0,0,0,0,0,0,0,0,0,0,0,0,0,1.75,4,14
0,0,0,0,0,0,0,0.79,0,0,0,0.79,0,0,0,0,0,0,0.39,0,0,0,0,0,0,0,0,0,0.39,0,0,0,0,0,0,0,0,0,0,0,0,0,0,0,0,0,0,0,0,0,0,0,0,0,1.309,8,55
0,0,0,0,0,0,0,0,0,1.72,0,0,0,0,0,0,0,0,0,0,0,0,0,0,1.72,1.72,0,3.44,0,0,0,0,0,0,0,0,0,0,0,0,0,0,0,0,0,0,0,0,0,0.588,0,0.294,0,0,3.714,11,78
0,0,0,0,0,0,0,0,0,0,0,0,0,0,0,0,0,0,1.69,0,1.69,0,0,0,0,0,0,3.38,0,0,0,0,0,0,0,0,0,0,0,0,0,0,0,0,0,1.69,0,0,0,0.296,0,0,0,0,3.315,13,63
0,0,0,0,0,0,0,0,0,1.01,0,0,0,0,0,0,0,0,0,0,0,0,0,0,0,0,1.01,0,0,0,0,0,1.01,0,0,0,0,0,0,0,0,0,0,0,0,0,0,0,0,0,0.312,0,0,0,4.03,28,133
1.04,0,0,0,0,0,0,0,0,0,0,0,0,0,0,0,0,0,1.04,0,0,0,0,0,0,0,3.12,0,0,0,0,0,0,0,0,0,0,0,0,0,0,1.04,0,0,0,0,0,0,0,0.191,0,0,0,0,1,1,17
0,0,0,0,0,0,0,0,0,0,0,0,0,0,0,0,0.6,0,0,0,0,0,0,0,0,0,0,0,0,0,0,0,0,0,0,1.8,0,0,0,0,0,0,0,0,0,0.6,0,0,0,0.088,0,0,0,0,1.607,4,45
0,0,0,0,0,0.32,0,0.65,0,0,0,1.62,0,0.32,0,0,0,0.32,0,0,0,0,0,0,0.32,0.32,0,0.32,0,0,0,0,0,0,0,0,0,0,0,0,0,0,0,0,0,0,0,0,0,0.081,0,0,0,0,4.093,87,262
0,0,0,0,0,0,0,0,0,0,0,0,0,0,0,0,0,1.66,0,0,0,0,0,0,1.66,1.66,0,3.33,0,0,0,0,0,0,3.33,0,0,0,0,0,0,0,0,0,0,0,0,1.66,0,0,0,0,0,0.53,4.052,22,77
0,0,0,0,0,0,0,0,0,0,0,0,0,0,0,0,0,0,0,0,0,0,0,0,0,0,0,0,0,0,0,0,0,0,0,0,0,0,0,0,0,0,0,0,0,0,0,0,0,0,0,0,0,0,1.666,3,10
0,0,0.33,0,0.33,0,0.33,0.33,0,0,0,0.33,0,0,0,1.65,0,1.65,2.64,0,0.66,0,0,0,0,0,0,0,0,0,0,0,0,0,0,0,0,0,0,0,0,0,0,0,0,0,0,0,0,0,0.161,0.537,0,0,2.517,9,141
0,0,0,0,1.55,0,0,0,0,0.31,0,0.31,0,0,0,0.31,0.62,0,2.79,0,0.62,0,0,0,0,0,0,0,0,0,0,0,0,0,0,0,0,0,0,0,0,0,0,0,0.93,0,0,0,0,0.048,0,0,0,0,2.09,22,115
0,0,0,0,0.96,0,0.96,0,0,0,0.96,0,0,0,0,0,0,0,2.88,0,2.88,0,0,0,0,0,0,0,0,0,0,0,0,0,0,0,0,0,0,0,0,0,0,0,0,0,0,0,0,0.123,0,0.616,0,0,1.181,3,13
1.05,0,0.7,0,1.05,0,0.7,0,0,0.35,0,0.7,0,0,0.35,0.7,0,0.35,5.96,0,1.4,0,0.35,0.35,0,0,0,0,0,0,0,0,0,0,0,0,0,0,0,0,0,0,0,0,0.35,0,0,0,0,0,0,0.367,0.061,0,1.88,12,94
0,0,1.16,0,3.48,0,0,0.58,0.58,0,0,0.58,0,0,0,1.74,0,0,1.16,0,3.48,0,0,0.58,0,0,0,0,0,0,0,0,0,0,0,0,0,0,0,0,0,0,0,0,0,0,0,0,0,0.082,0,0.165,0.082,0,2.17,12,102
0,0,0.14,0,0.28,0,0.14,0,0,0,0,0,0,0,0,0,0,0,2.89,2.31,2.02,7.97,0.14,0,0,0,0,0,0,0,0,0,0,0,0,0,0,0,0,0,0,0,0,0,0.28,0,0,0,0,0.053,0,0.269,0.08,0.484,15.086,74,1222
0.62,0,0.62,0,1.25,0,0.62,0,0,0,0,0.62,0,0,0,0.62,0.62,0,1.25,0,2.51,0,0.62,0,0,0,0,0,0,0,0,0,0,0,0,0,0,0,0,0,0,0,0,0,0,0,0,0,0,0,0,0.456,0.273,0,2.52,22,121
0.51,0.43,0.29,0,0.14,0.03,0,0.18,0.54,0.62,0.29,0.65,0.65,1.2,0.03,0.21,0.43,0.03,3.03,0,1.35,0,0.51,0.54,0,0,0,0,0,0,0,0,0,0,0,0,0,0,0,0,0,0,0,0,0.03,0,0,0,0.012,0.078,0,0.443,0.51,0.133,6.59,739,2333
0,0,0,0,0,0.68,0,1.36,0.68,0.68,0,0,0,0,0,0.68,2.73,0.68,1.36,3.42,1.36,0,0,0,0,0,0,0,0,0,0,0,0,0,0,0,0,0,0,0.68,0,0,0,0,0,0,0,0,0,0,0,1.143,0.519,0,3.737,75,228
0,0,0.76,0,0.76,0,0.5,0.5,0,1.01,0,0.25,1.52,0,0.76,0,0,1.52,2.03,0,1.52,0,0.76,0,0,0,0,0,0,0,0,0,0,0,0,0,0,0,0,0.5,0,0,0,0,0,0,0,0,0,0.074,0,0.412,0.412,0,2.441,19,249
0,0,1.44,0,0,0,0,0,0,0,0,2.89,0,0,0,1.44,0,0,5.79,0,0,0,0,0,0,0,0,0,0,0,0,0,0,0,0,0,0,0,0,0,0,0,0,0,0,0,0,0,0,0,0,0.277,0,0,1.312,3,21
0,0.71,0.71,0,0.35,0.35,0,0,0,0,0,0.71,0,0,0,0.35,0,1.43,1.79,0,1.07,0,0,0,0,0,0,0,0,0,0,0,0,0,0,0,0,0,0,0,0,0,0,0,0,0,0,0,0,0.057,0,1.257,0,0,3.895,61,261
0,0,0,0,0,1.2,0,0,0,0,0,0,0,0,0,0,0,0,1.2,0,3.61,0,0,3.61,0,0,0,0,0,0,0,0,0,0,0,0,0,0,0,0,0,0,0,0,0,0,0,0,0,0,0,0.421,0.21,0,3.454,17,38
0,0,0,0,0,0,0,1.07,0,0,0,0,0,0,0,0,0,0,0,0,0,0,1.07,0,0,0,0,0,0,0,0,0,0,0,0,0,0,0,0,0,0,0,0,0,1.07,0,0,0,0,0.19,0,0.19,0.38,0,3.6,16,72
0,0,1.92,0,0,0,0,0,0,0,0,0,0,0,0,0,3.84,0,1.92,0,1.92,0,0,0,0,0,0,0,0,0,0,0,0,0,0,0,0,0,0,0,0,0,0,0,0,0,0,0,0,0,0,1.336,0,0,1.21,3,23
0.59,0.09,0.09,0,0.29,0.09,0,0.59,0.59,2.09,0.29,0.09,0.29,0,0.39,0.09,0.79,0.39,3.19,0.09,1.69,0,1.39,0.99,0,0,0,0,0,0,0,0,0,0,0,0.09,0,0,0.09,0,0,0,0,0,0.19,0,0,0,0.044,0.078,0,0.334,0.133,0.011,15.493,1171,2541
0,0,0,0,0,0,0,0,0,0,0,0,5.55,0,0,0,0,0,0,0,0,0,0,0,0,0,0,0,0,0,0,0,0,0,0,0,0,0,0,0,0,0,0,0,0,0,0,0,0,0,0,0,3.125,0,2.411,10,41
0,0,0,0,0.26,0,0.26,0,0,0,0,0,0,0,0,0.26,0,0,0,0,0.52,17.1,0,0,0,0,0,0,0,0,0,0,0,0,0,0,0,0,0,0,0,0,0,0.26,0,0,0,0,0.451,0.082,0.082,0.369,0,1.026,13.82,104,1078
0.12,0.12,0.24,0,1.34,0.12,0,0.12,0,0,0.36,0.85,0,0,0,0.24,0.24,0,2.33,0,0.73,0,0,0,0,0,0,0,0,0,0,0,0,0,0,0.98,0,0,0,0.12,0,0,0,0,0.12,0,0,0,0.061,0.02,0,0.041,0.041,0,2.351,69,254
0,0.48,0.48,0,0.48,0,0,0.48,0,0,0,0.96,0,0,1.92,0,0.48,0.96,2.88,0,2.88,0,1.44,0,0,0,0,0,0,0,0,0,0,0,0,0,0,0,0,0.48,0,0,0,0,0,0,0,0,0,0.084,0,0.084,0.336,0,3.2,12,80
0,0,0,0,0,0,0,0,0,0,0,0,0,0,0,0,0,0,1.85,0,0,0,0,0,3.7,1.85,1.85,1.85,1.85,1.85,1.85,1.85,0,1.85,1.85,1.85,0,0,0,1.85,0,0,0,0,0,0,0,0,0,0.6,0,0,0,0,2.526,11,48
0.09,0.09,0.36,0,0.91,0.18,0,0,0,0,0,3.66,0.09,0,0,0,0.82,0,0.82,0,0.45,0,0,0,1.37,0.09,0,0,0,0.82,0,0,0,0,0,0.18,0,0,0.09,0,0,0,0,0,0,0,0,0,0.027,0,0,0,0,0,1.263,4,192
0,0,1.96,0,0,0,0,0,0,0,0,3.92,0,0,0,0,0,0,0,0,0,0,0,0,1.96,3.92,0,0,0,1.96,0,0,0,0,0,0,0,0,0,0,0,0,0,0,0,0,0,0,0,0.476,0,0,0,0,2.318,25,51
0,0,0,0,0,0,0,0,0,0,0,0,0,0,0,0,0,0,0,0,0,0,0,0,8.69,0,0,0,0,0,0,0,0,0,0,0,4.34,0,0,0,0,1.44,1.44,0,1.44,0,0,0,0,0,0.222,0,0,0,5.357,28,150
0.08,0.17,0.17,0,0.8,0.08,0,0.26,0,0,0,3.39,0.17,0,0,0.08,0,0,0,0,0,0,0,0,2.68,0,0,0,0,0,0,0,0,0,0,0.35,0.08,0,0,0,0,0.08,0.08,0,0,0,0,0,0.023,0.046,0,0,0.023,0,2.658,57,436
0,0,0,0,0,0,0,0,0,0,0,0,0,0,0,0,0,0,3.84,0,0,0,0,0,0,0,0,0,3.84,0,0,0,0,0,3.84,0,0,0,0,0,0,3.84,0,0,0,0,0,0,0,0,0,0,0,0.751,2.333,13,21
0.9,0,0.9,0,0,0,0,0,0,0,0.9,0,0,0,0,0,0,0.9,0.9,0,0,0,0,0,1.81,1.81,0,0.9,0,0.9,0.9,0,0,0,0.9,0.9,0,0,0,0,0,0,0,0,0,0,0,0,0,0.112,0,0.225,0,0,1.807,10,47
0,0,0.91,0,0,0,0,0,0,0,0,1.83,0,0,0,0,0,0.91,1.83,0,0,0,0,0,1.83,0.91,0,0.91,0,0.91,0.91,0,0,0,0.91,0.91,0,0,0,0,0,0,0,0,0,0,0,0,0,0.232,0,0.116,0,0,1.619,10,68
0.22,0,0.22,0,0.45,0,0,0,0.22,0,0,0,0,1.35,0,0,0.22,0,0,0,0.67,0,0,0,0.67,0,0,0,0,0,0,0,0,0,0,0,0.45,0,0,0,0,2.02,0,0,0.22,0,0,0,0,0.042,0,0.063,0,0.232,3.133,121,749
0,0,1.5,0,0,0.75,0,0,0,0,0,0,0,0,0,0,0,0,0,0,0,0,0,0,0,0,0,0,0,0,0,0,0.75,0,0,0,0,0,0,0,0,0,0,0,0,0,0,0,0,0.116,0,0,0,0,1.833,8,22
0,0,0,0,0,0,0,0,0,0,0,0,0,0,0,6.45,0,0,3.22,0,6.45,0,0,0,0,0,0,0,0,0,0,0,0,0,0,0,0,0,0,0,0,0,0,0,0,0,0,0,0,0,0,0,0,0,1,1,2
0,0,0.89,0,1.79,0.44,0,0,0,0,0,0.44,0,0,0,1.34,0,0,2.24,0,4.48,0,0,0,0,0,0,0,0,0,0,0,0,0,0,0,0,0,0,0,0,0,0,0,0,0,0,0,0,0.073,0,0,0,0,2.25,12,144
0,1.72,0,0,0,0,0,0,0,1.72,0,0,0,0,0,1.72,0,0.86,0.86,0,0,0,0,0,0,0,0,0,0,0,0,0,0,0,0,0,0,0,0,0,0,0,0,0,0,0,0,0,0,0.125,0,0.251,0.251,0,2.022,12,91
0,0.23,0,0,0.23,0.47,0,0.47,0,0.95,2.61,1.66,0,2.61,0,0,0,0,3.8,0,0.95,0,0.23,0,0.71,0,0,0,0,0,0,0,0,0,0,0,0.95,0,0,0,0,0.23,0,0,0.47,0,0,0,0,0.121,0.04,0,0.04,0,3.78,55,189
0,0,0,0,0,0,0,0,0,0,0,0,0,0,0,0,0,0,4.34,0,0,0,0,0,0,0,0,0,0,0,0,0,0,0,0,0,0,0,0,0,0,0,0,0,0,0,0,0,0,0,0,5.844,0,0,1.666,5,15
0,0,0,0,0,0,0,1.08,0,0,0,0,0,1.08,0,0,0,0,0,0,0,0,1.08,0,0,0,0,0,0,0,0,0,0,0,0,0,0,0,0,0,0,0,0,0,1.08,0,0,0,0,0.191,0,0.191,0.383,0,3.95,23,79
0,0,0,0,0,0,0,1.08,0,0,0,0,0,1.08,0,0,0,0,0,0,0,0,1.08,0,0,0,0,0,0,0,0,0,0,0,0,0,0,0,0,0,0,0,0,0,1.08,0,0,0,0,0.191,0,0.191,0.383,0,3.95,23,79
0,0,0.41,0,0.82,0.61,0.2,0,0.2,0.61,0.41,1.23,0.2,0,0,0.61,0,0,2.89,3.09,1.23,0,0,0.2,0,0,0,0,0,0,0,0,0,0,0,0,0,0,0,0,0,0,0,0,0,0,0,0,0.098,0.065,0,0.816,0.065,0,3.716,45,301
0.09,0,0.09,0,0.39,0.09,0.09,0,0.19,0.29,0.39,0.48,0,0.58,0,0.87,0.19,0,1.66,4.1,1.66,0,0.39,0.19,0,0,0,0,0,0,0,0,0,0,0,0,0,0,0,0,0,0,0,0,0,0,0,0,0,0.136,0,0.318,0.151,0,6.813,494,1458
0,0,0.37,0,1.11,0.74,0,2.96,0,2.96,0,0,0.74,0,0,0,2.22,0,5.18,0,2.22,0,0,0,0,0,0,0,0,0,0,0,0,0,0,0,0,0,0,0,0,0,0,0,0,0,0,0,0,0.149,0,1.096,0,0,5.16,107,289
0,0,0,0,0.44,0.44,0.44,0,0,0,0,0.44,0,0,0,0,0,0,0.88,0,0.44,9.29,0,0,0,0,0,0,0,0,0,0,0,0,0,0,0,0,0,0,0,0,0,0,0,0,0,0,0,0,0,0.19,0,1.017,8.033,72,474
0.23,0.29,0.64,0,0.17,0.17,0.11,0.05,0.05,0.47,0.11,1.17,0.47,0.05,0.17,0.05,0.11,0.29,3.93,0,2.05,0,0.47,0.29,0,0,0,0,0,0,0,0,0,0,0,0,0,0,0,0,0,0,0,0,0,0,0,0,0,0.133,0,0.492,0.338,0.092,6.033,87,1460
0,0,0,0,0,0,0,0,0,0,0,0,0,0,0,0,0,0,0,0,0,0,0,0,0,0,0,0,0,0,0,0,0,0,0,0,0,0,0,0,0,0,0,0,0,0,0,0,0,0,0,0,0,0,3,16,33
0,0,0.19,0,0.19,0,0,0.19,0.19,0.19,0,0.19,0.19,0,0,0.76,0,0,0.95,0,1.14,0,0,0,0,0,0,0,0,0,0,0,0,0,0,0.19,0,0,0.19,0,0,0,0.38,0,0.19,0,0,0,0,0.058,0,0.264,0,0,4.053,93,381
0,0,0,0,0,0,0,4.62,0,0,0,0,0.92,0,0,0,0.92,0,0,0,0,0,1.85,0,0,0,0,0,0,0,0,0,0,0,0,0,0,0,0,0,0,0,0,0,0,0,0,0,0,0,0,0.919,0.367,0,2.84,16,71
0.51,0.17,0.51,0,1.7,0.34,0,0,0.85,0.17,0,0.68,0.17,0.34,0,0.17,0.17,0,2.9,0,2.05,0,0.68,1.36,0,0,0,0,0,0,0,0,0,0,0,0,0,0,0,0,0,0,0,0,0,0,0,0,0,0,0,0.387,1.961,0.025,11,183,660
0,0.11,0.35,0,1.18,0.47,0.23,0.35,0,0.11,0.11,0.95,0,0.11,0,2.13,0.95,0.23,1.9,0.35,0.35,0,0.59,0.11,0,0,0,0,0,0,0,0,0,0,0,0.35,0,0,0,0.11,0,0,0,0,0,0,0,0,0,0.057,0,0.42,0.191,0.21,8.026,283,1509
0.09,0,0.27,0,0.36,0.09,0,0.18,0.09,0,0,0.73,0,0.36,0,0,0,0,2.01,0,3.38,0,0.36,0.09,0,0,0,0,0,0,0,0,0,0,0,0,0,0,0,0,0,0,0,0,0.27,0,0,0,0.015,0.046,0.031,0.249,0.031,0.031,3.689,69,535
0,0,0.47,0,0.47,0,0,0.47,0,0,0,0.94,0,0,1.88,0,0.47,0.47,2.83,0,2.35,0,1.41,0,0,0,0,0,0,0,0,0,0,0,0,0,0,0,0.47,0.47,0,0,0,0,0,0,0,0,0,0.164,0,0.082,0.41,0,5.074,60,137
0.5,0.4,0.33,0,0.13,0.03,0.13,0.1,0.54,0.77,0.3,0.7,0.54,1.14,0.03,0.27,0.43,0.03,3.2,0,1.45,0,0.37,0.6,0,0,0,0,0,0,0,0,0,0,0,0,0,0,0,0,0,0,0,0,0.06,0,0,0,0,0.071,0,0.456,0.5,0.11,6.049,129,2220
0,0,0.2,0,0.4,0.2,0,0,0,0,0,0,0,0,0,0,0.61,0.4,2.45,0.2,0.61,4.49,0.61,0,0,0,0,0,0,0,0,0,0,0,0,0,0,0,0,0,0,0,0,0,0.2,0,0,0,0,0,0,0.382,0.223,0.478,7.538,55,490
0,0,0,0,0,0,0,0,0,0,0,0,0,0,0,0,0,0,0,0,0,0,0,0,0,0,0,0,0,0,0,0,0,0,0,0,0,0,0,0,0,0,0,0,1.17,0,0,0,0,0.421,0,0.21,0.632,0,3.75,15,60
0,0,0,0,0.87,0,0,1.16,0,0,0.29,1.74,0,0,0,0,0.87,0,4.95,0,2.91,0,0,0,0,0,0,0,0,0,0,0,0,0,0,0,0,0,0,0,0,0,0,0,0,0,0,0,0.151,0,0,0,0,0,1.095,4,46
0,0.55,0.55,0,2.23,0.55,0,0.55,0,0,0.55,0,0,0,0,0,0,1.11,1.67,0,2.23,0,0,0.55,0,0,0,0,0,0,0.55,0,0,0,0,0,0.55,0,0,0,0,0,0,0,0,0,0,0,0,0.265,0,0.088,0.353,0,2.571,11,108
0,0,0,0,0.81,0,0,0,0,0,0,0,0,0,0,0,0,0,0.81,0,1.63,0,0,0,0,0,0,0,0,0,0,0,0,0,0,0,0,0,0,0,0,0,0,0,0,0,0,0,0,0,0,0.121,0,0,3.871,26,151
0,1.47,0,0,0,0,0,0,0,1.47,0,0,0,0,0,0,0,1.47,4.41,0,0,0,0,1.47,0,0,0,0,0,0,0,0,0,0,0,0,0,0,0,0,0,0,0,0,0,0,0,0,0,0,0,0,0,0,2.333,12,21
0.26,1.07,0,0,1.61,0,1.07,0.26,0.26,0,0,0.8,0,0,0,0,0,1.61,3.5,0,1.34,0,0,0.26,0,0,0,0,0,0,0,0,0,0,0,0,0,0,0,0,0,0,0,0,0.8,0,0,0,0,0.092,0,0.324,0,0,7.369,52,339
0,0,0.4,0,0.4,0,0.4,0,0,0,0,0,0.4,0,0,0,0,0,2.04,0,0.4,0,0,0,0,0,0,0,0,0,0,0,0,0,0,0,0,0,0,0,0,0,0,0,0.4,0,0,0,0,0,0,0.11,0,0,1.594,11,118
0.41,0,0.61,0,0.41,0.61,0,0.82,0.2,0.2,0.2,1.44,0,0,0,0.41,1.03,0.2,1.65,1.65,3.09,0,0.2,0.61,0,0,0,0,0,0,0,0,0,0,0,0,0,0,0,0,0,0,0,0,0,0,0,0,0,0.099,0,1.689,0.132,0,4.913,102,565
0,0.9,1.81,0,0,0,0.9,3.63,0,1.81,0,0.9,0,0,0,0,0.9,0,2.72,0,3.63,0,0,0,0,0,0,0,0,0,0,0,0,0,0,0,0,0,0,0,0,0,0,0,0,0,0,0,0,0,0,0.774,0,0,1,1,18
0,0,0,0,0,0,0,0,0,0,0,0,0,0,0,0,0,0,0,0,0,0,0,0,0,0,0,0,0,0,0,0,0,0,0,0,0,0,0,0,0,0,0,0,0,0,0,0,0,0,0,0,0,0,1.222,2,11
0,0,0,0,0,0,0,0,0,0,0,0.59,0,0,0,0,0,0,2.38,0,1.19,0,0,0,1.19,1.19,0,0,0,0,0,0,0,0,0,0,0,0,0,0,0,0,0,0,0,0,0,0,0,0.103,0,0,0,0,3.086,55,142
0,0,0,0,0,0,0,0,0,0,0,0,0,0,0,0,0,0,0,0,0,0,0,0,0,0,33.33,0,0,0,0,0,0,0,0,0,0,0,0,0,0,0,0,0,0,0,0,0,0,0,0,0,0,0,1,1,3
0,0,0,0,0,0,0,0,0,0,0,0,0,0,0,0,0,0,0,0,0,0,0,0,0,0,0,0,0,0,0,0,0,0,0,0,0,0,0,0,0,0,0,0,0,0,0,0,0,0,0,0,0,0,1.888,5,17
0,0,0,0,0,0,0,0,0,0,0,0,0,0,0,0,0,0,1.72,0,0,0,0,0,0,0,0,0,0,0,0,0,0,0,1.72,0,0,0,0,0,0,3.44,0,0,0,0,0,0,0,0,0,0.25,0,0,2.619,9,55
0,0,0,0,0,0,0,0,0,0,0,0,0,0,0,0,0,0,0,0,0,0,0,0,0,0,0,0,0,0,0,0,0,0,0,0,0,0,0,0,0,0,0,0,0,0,0,0,0,0,0,0,0,0,1.75,3,7
0,0,0,0,0,0,0,0,0,0,0,0,0,0,0,0,0,0,0,0,0,0,0,0,8.33,8.33,0,0,0,0,0,0,0,0,0,0,0,0,0,0,0,0,0,0,0,0,0,0,0,0,0,0,0,0,1.333,2,4
0,0,1.47,0,0,0,0,0,0,0,0,0,0.73,0,0,0,0,0,3.67,0,0.73,0,0,0,1.47,0.73,0.73,0.73,1.47,0.73,0.73,0.73,0,0.73,0.73,0.73,0.73,0,0,0.73,0,0,0.73,0,0,0,0,0,0,0.363,0.121,0,0,0,2.171,12,76
1.04,0,0.52,0,0.52,0,0,0,0,0,0,0,0,0,0,0,0,0,2.09,0,0.52,0,0,0,2.09,2.61,1.04,0.52,0.52,0.52,0.52,0.52,0,0.52,0.52,0.52,0,0,0,0.52,0,0,0,0,1.04,0,0,0,0,0.309,0,0.309,0,0,3.973,34,151
0,0,0,0,0,0,0,0,0,0,0,0,0,0,0,0,0,0,0,0,0,0,0,0,0,0,0,0,0,0,0,0,0,0,0,0,0,0,0,0,0,0,0,0,0,0,0,0,0,0,0,0,0,0,1,1,3
0,0,0.28,0,1.73,0,0,0,0,0,0,0.28,0.57,0.28,0,0,0,0,1.15,0,0.57,0,0,0,0.28,0,0.57,0,0,0.28,0,0,0,0,0,0,0,0,0,0,0,0.28,0,0.28,0.57,0,0,0,0,0.051,0,0.103,0,0,1.411,4,24
2.77,0,0,0,0,0,0,0,0,0,0,0,0,0,0,0,0,0,0,0,0,0,0,0,0,0,0,0,0,0,0,0,0,0,0,0,0,0,0,0,0,0,0,0,0,0,0,0,0,0,0,0,0,0,1.1,2,11
0.48,0,0,0,0,0,0,0,0,0,0,0.96,0,0,0,0,0,0.48,0.96,0,0,0,0,0,2.88,0.96,0.96,0.96,0.48,0.96,0.96,0.48,0,0.48,0.96,0.96,0,0,0,0.48,0,0,0,0,0.48,0,0,0,0,0.276,0,0.138,0,0,1.986,11,147
0,0,0,0,0,0,0,0,0,0,0,3.33,0,0,0,0,0,0,0,0,0,0,0,0,0,0,0,0,0,0,0,0,0,0,0,0,0,0,0,0,0,0,0,0,0,0,0,0,0,0,0,0,0,0,1,1,4
0,0,0.93,0,0.93,0,0,0,0,0,0,0,0,0,0,0.93,0,0,2.8,0,0,0,0,0,0,0.93,0,0,0.93,0,0,0,0,0,0,0,0,0,0,0,0,0,0,0,0,0,0,0.93,0,0,0,0,0,0,1.771,5,62
0.42,0,0,0,0,0,0,0,0,0,0,0,0.85,0,0,0,0,0,4.25,0,0.85,0,0,0,0.42,0,0,0,0,0,0,0,0,0,0,0,0,0,0,0,0,0,0,0,0,0,0,0,0,0.374,0,0,0.124,0,1.772,18,78
0,0,0,0,0,0,0,0,0,0,0,0,0,0,0,0,0,0,1.08,0,0,0,0,0,7.6,2.17,2.17,1.08,1.08,1.08,1.08,1.08,0,1.08,1.08,1.08,1.08,0,0,1.08,0,0,1.08,0,0,0,0,0,0,0.364,0.182,0,0,0,2.421,13,92
0,0,0,0,1.85,0,0,0,0,0,0,0,0,0,0,1.85,0,0,0,0,0,0,0,0,0,0,0,0,0,0,0,0,0,0,0,0,0,0,0,0,0,1.85,0,0,0,0,0,0,0,0,0,0,0,0,2.916,7,35
0,0,0,0,0,0,0,0,0,0,0,0.32,0,0,0,0,0,0.65,0,0,0,0,0,0,0,0,0,0,0,0,0,0,0,0,0,0,0.97,0,0,0,0,0,0,0,0,0,0,0.97,0,0.1,0,0,0,0,2.59,69,386
0,0,0,0,0,0,0,0,0,0,0,0,0,0,0,0,0,0,0,0,0,0,0,0,0,0,2,0,2,0,0,0,2,0,0,0,0,0,0,0,0,0,0,0,0,0,0,0,0,0.337,0,0,0,0.337,2.95,7,59
0.64,0,0.25,0,0,0.38,0,0,0,0.25,0.64,0.25,1.03,0,0,0.77,0.9,0.12,1.93,0,0.51,0.12,0.12,1.03,0,0,0,0,0,0,0,0,0,0.12,0,0,0,0,0,0.12,0,0,0,0,0.12,0,0,0,0,0.161,0,1.082,0.299,0.092,5.274,146,981
0,0,0,0,0,0,2.1,0,0,0,0,1.05,0,0,0,0,0,0,4.21,0,0,0,0,0,0,0,0,0,0,0,0,0,0,0,0,0,0,0,0,0,0,0,0,0,0,0,0,0,0,0,0,0,0,0,2.695,15,62
0,0,0.99,0,0.24,0,0,0,0.24,0.49,0,0.49,0,0,0.24,0.24,0,0,0.24,0,0.49,0,0,0,0,0,0,0,0,0,0,0,0,0,0,0,0,0,0,0,0,0,0,0,0,0,0,0,0,0.035,0,0,0,0,5.555,209,400
0,0,0,0,0,0,0,0,0,0,0,0,0,0,0,0,0,0,2.53,6.32,0,1.26,0,0,0,0,0,0,0,0,0,0,0,0,0,0,0,0,0,0,0,0,0,0,0,0,0,0,0,0,0,0.649,0,0.432,5.875,46,94
1.18,0.39,0.59,0,0,0.98,0.19,0.19,1.38,0.39,0,0.98,0,0.19,0,0.98,0,0,2.56,0.39,1.38,0,0,1.38,0,0,0,0,0,0,0,0,0,0,0,0,0,0,0,0,0,0,0,0,0,0,0,0,0,0.231,0,0.745,0.308,0.025,6.652,76,632
1.18,0.39,0.59,0,0,0.98,0.19,0.19,1.38,0.39,0,0.98,0,0.19,0,0.98,0,0,2.56,0.39,1.38,0,0,1.38,0,0,0,0,0,0,0,0,0,0,0,0,0,0,0,0,0,0,0,0,0,0,0,0,0,0.23,0,0.741,0.306,0.025,6.652,76,632
0.09,0,0.27,0,0.36,0.09,0,0.18,0.09,0,0,0.72,0,0.36,0,0,0,0,2,0,3.27,0,0.36,0.09,0,0,0,0,0,0,0,0,0,0,0,0,0,0,0,0,0,0,0,0,0.27,0,0,0,0.015,0.045,0.03,0.242,0.03,0.03,3.816,69,542
0,0,0.36,0,0.36,0,0,0,0.36,0.36,0,0.36,0,1.09,0,1.81,0,0,3.63,0,1.45,0,0,0,0,0,0,0,0,0,0,0,0,0,0,0,0,0,0,0,0,0,0,0,0,0,0,0,0,0.125,0,0.125,0,0,1.287,5,94
0,0.23,0.47,0,1.18,0,0.23,0,0.7,0.7,0,0.47,0.23,0,0,0.23,0.7,0,2.83,0,1.89,0,0,0.47,0,0,0,0,0,0,0,0,0,0,0,0,0,0,0,0,0,0,0,0,0,0,0,0,0,0,0,0.072,0.108,0,2.438,20,178
0.45,0.68,0.68,0,1.92,0,0.56,0.45,0,0.45,0.22,1.81,0,0,0.79,0.22,0.11,1.81,2.38,0,1.36,0,0.11,0.22,0,0,0,0,0,0,0,0,0,0,0,0,0,0,0,0.11,0,0,0,0,0,0.11,0,0,0.019,0.057,0,0.574,0.134,0.019,3.155,94,385
0,0,0,0,0.42,0,0,0,0,0,0,0.42,0,0,0,0,0,0,0.42,0,0,0,0,0,0,0,0,0,1.28,0,0,0,0,0,0,0,0.85,0,0,0,0,0.85,0,0,0,0,0,0,0,0,0,0,0,0,2.161,5,294
0,0.31,0,0,0,0,0,0.31,0,0,0,0.62,0,0,0,0,0,0.31,0,0,0,0,0,0,0,0,0,0,0,0,0,0,0,0,0,0,0.62,0,0.31,0,1.24,0,0.31,0,0,1.24,0,0,0,0.088,0.044,0,0,0,3.086,34,250
0,0,0,0,0,0,0,0,0,0,0,0,0,0,0,0,0,0,0,0,0,0,0,0,0,0,0,0,0,0,0,0,0,0,0,0,0,0,0,0,0,0,0,0,0,0,0,0,0,0,0,0,0,0,1,1,5
0,0,0.91,0,0,0.45,0,0,0,0,0,0.45,0,0,0,0,0,0.45,2.28,0,1.36,0,0,0,0.45,0,0,0,0,0,0,0,0,0,0,0,0,0,0,0,0,0,0,0,0,0,0,0,0,0.416,0,0.486,0,0,3.782,31,87
0,0,0,0,0.93,0,0,0,0,0,0,0.93,0,0,0,0,0,0,0,0,0,0,0,0,3.73,0,0,0,0,0,0,0,3.73,0,0,0,0,0,0,0,0,0,0,0,0,0,0,0,0,0,0,0,0,0,1.533,7,46
0,0,0,0,0,0,0,0,0,0,0,0,0,0,0,0,0,0,0,0,0,0,0,0,0,0,1.19,0,1.19,0,0,0,1.19,0,0,0,0,0,0,0,0,0,0,0,0,0,0,0,0,1.082,0,0,0,0.216,3.478,7,80
0,0,0.85,0,0,0,0,0,0,0,0,0.85,0,0,0,0,0,0,2.56,0,0,0,0,0,0,0,0,0,0,0,0,0,0,0,0,0,0,0,0.85,0,0,0,0,0.85,0,0,0,0,0,0,0,0.331,0,0,1.842,6,35
0,0,0,0,0,0,0,0,0,0,0,3.57,0,0,0,0,1.78,0,0,0,0,0,0,0,1.78,1.78,0,0,0,0,0,0,0,0,0,0,1.78,0,0,0,0,0,0,3.57,0,0,0,0,0,0,0,0,0,0,1.72,11,43
0,0,0,0,0,0,0,0,0,0,0,0,0,0,0,0,0,0,0,0,0,0,0,0,8.33,4.16,4.16,4.16,4.16,4.16,4.16,4.16,0,4.16,4.16,4.16,0,0,0,4.16,0,0,0,0,0,0,0,0,0,1.092,0,0,0,0,3.333,11,30
0,0,0,0,0,0,0,0,0,0,0,0,0,0,0,0,0,0,0,0,0,0,0,0,0,0,2,0,2,0,0,0,2,0,0,0,0,0,0,0,0,0,0,0,0,0,0,0,0,0.341,0,0,0,0.341,3.166,7,57
0,0,0,0,0,0,0,0,0,0,0,0,0,0,0,0,0,0,0,0,0,0,0,0,0,0,0,0,0,0,0,0,0,0,0,0,0,0,0,0,0,0,0,0,0,0,0,0,0,0,0,0,0,0,1,1,4
0,0,0,0,0,0,0,0,0.55,0,0,0,0,0,0,0,0,0.55,1.65,0,1.65,0,0,0,0.55,0,0,0,0,0,0,0,0,0,0,0,0,0,0,0.55,0,0,0.55,0,0,0,0,0,0,0.104,0.314,0,0.052,0,6.894,97,393
0,0,0,0,0,0,0,0,0,0.69,0,0,0,0,0,0,0,0,0,0,0.69,0,0,0,0,0,0.69,0,0.69,0,0,0,0.69,0,0,0,0,0,0,0,0,0,0,0,0,0,0,0,0,0.228,0.114,0,0,0.114,3.651,28,157
0,0,0.31,0,0.31,0,0,0,0,1.27,0,0,0,0,0,0,0,0,0.31,0,0,0,0,0,2.87,1.27,1.91,0.63,0.63,0.63,0.63,0.63,0,0.63,0.63,0.63,0.95,0,0.95,0.63,0,0,0.95,0,0.95,0,0,0,0.097,0.534,0.242,0,0.048,0,2.23,13,261
0,0,0,0,0,0,0,0,0,0,0,0,0,0,0,0,0,0,3.33,0,6.66,0,0,0,0,0,0,0,0,0,0,0,0,0,0,0,0,0,0,0,0,0,0,0,0,0,0,0,0,0,0,0,0,0,1.3,3,13
0,0,0,0,0,0,0,0,0,0,0,1.03,0,0,0,0,0,0,3.09,0,0,0,0,0,1.03,0,0,0,0,1.03,0,0,0,0,0,0,0,0,0,0,0,0,0,0,1.03,0,0,0,0,0,0,0,0,0,1.666,7,25
0,0,0,0,0,0,0,0,0.48,0,0.48,0,0,0,0,0.48,0.48,0,1.44,0,2.88,0,0.96,0,0,0,0,0,0,0,0,0,0,0,0,0,0,0,0,0,0,0,0,0,0.48,0,0,0,0,0.076,0,0.305,0.381,0,1.884,9,98
0.15,0.31,0,0,0,0,0,0,0,0.63,0.31,0.31,0,0,0,0,0,0.63,0.95,0,0.47,0,0,0,3.34,0.63,0.47,0.15,0.15,0.15,0.15,0.15,0,0.15,0.15,0.15,0.47,0,0.47,0.15,0,0,0.31,0,0.15,0,0,0,0.149,0.199,0.049,0.174,0,0,4.026,100,608
0,0,0.43,0,0,0,0,0,0,0,0,0.43,1.29,0,0,0,0,0,1.29,0,0.43,0,0,0,0.86,0,0,0,0,0,0,0,0.43,0,0,0.86,0,0,0,0,0,0,0,0,0,0,0,0,0,0.22,0,0.146,0,0,1.341,6,55
0,0.25,0.12,0,0.37,0,0,0.12,0,0.37,0.25,0.37,0.12,0,0,0,0.12,0,0.37,0,0.12,0,0.12,0,2.51,0,0,0,0,0.25,0,0,0.12,0,0,0,0.12,0,0,0,0,0,0,0,0,0,0,0,0.016,0.05,0,0.05,0,0,2.414,25,367
0,0,0,0,0,0,0,0,0,0,0,1.36,0,0,0,0.68,0.68,0,4.76,4.76,0,0,0,0,0,0,0,0,0,0,0,0,0,0,0,0,0,0,0,0,0,0,0,0,0,0,0,0,0,0,0,1.255,0,0,2.818,21,124
0,0,0.55,0,0.22,0.22,0.11,0,0.11,0.22,0,0.33,0.33,0,0,0,0.22,0,0,0,0,0,0.55,0,0,0,0,0,0,0,0,0,0,0,0,0,0,0,0,0,0,0,0,0,0,0,0,0,0,0.155,0,0.034,0.12,0,1.961,14,302
0,0,0,0,0,1.88,0,0,0,0,0,0,0,0,0,0,0,0,3.77,0,1.88,0,0,0,0,0,0,0,0,0,0,0,0,0,0,0,0,0,0,0,0,0,0,0,0,0,0,0,0,0,0,0,0,0,2.307,16,30
0.9,0,0,0,0,0,0.9,0,0,0,0,0,0,0,0,0,0.9,0.9,1.81,0,2.72,0,0,0.9,0,0,0,0,0,0,0,0,0,0,0,0,0,0,0,0,0,0,0,0,0,0,0,0,0,0,0,0.546,0,0,2.818,19,62
0.49,0.32,0.46,0,0.05,0.16,0.05,0.24,0.46,0.79,0.27,1.01,0.6,1.23,0,0.21,0.38,0,3.3,0,1.5,0,1.09,0.35,0,0,0,0,0,0,0,0,0,0,0,0,0,0,0,0,0,0,0,0,0.02,0,0,0,0,0.064,0,0.322,0.626,0.165,6.896,193,3269
0,0.58,0.58,0,0,0,0,0.58,0.58,7.55,0.58,1.16,0,0,0,0,0.58,0,4.06,0,0,0,0,0,0,0,0,0,0,0,0,0,0,0,0,0,0,0,0,0,0,0,0,0,0,0,0,0,0,0.192,0,0.192,0,0.096,1.526,10,58
0,0,1.24,0,1.24,0.62,0,0,0,0,0,0,0,0,0,1.24,0.62,0,0.62,0,1.86,0.62,0.62,0,0,0,0,0,0,0,0,0,0,0,0,0,0,0,0,0,0,0,0,0,0.62,0,0,0,0,0.107,0,0.321,0.107,0.107,3.846,30,150
0.1,0.2,1.01,0,0.8,0.8,0.5,0,0.8,0.1,0.3,0.7,0.3,0,1.61,0.1,0,1.11,1.31,0.2,0.7,0,0.6,0.1,0,0,0,0,0,0,0,0,0,0,0,0,0,0,0,0,0,0,0.2,0,0.1,0.1,0,0,0,0.107,0,0.474,0.152,0.015,8.55,669,1351
0.11,0.22,0.11,0,0.45,0.45,0,0.11,1.02,1.59,0.11,0.34,0.22,0.11,2.16,0,0.45,0.11,3.53,0,1.25,0,0.45,0.45,0,0,0,0,0,0,0,0,0,0,0,0,0,0,0,0.11,0,0,0,0,0.45,0,0,0,0.018,0.17,0,0.265,0.132,0,4.215,144,666
0.33,0,0.67,0,0.22,0,0,0,0.44,0.11,0,0.33,0,0,0,0.56,0,0,1.79,0,1.12,0,0,0.22,0,0,0,0,0,0,0,0,0,0,0,0,0,0.11,0,0,0,0,0.11,0,0,0,0,0,0,0.157,0,0.392,0.176,0.078,2.606,75,391
0.33,0.33,0,0,0,0,0,0,0,0,0,0.33,0,0,0,0,0,0.99,0.33,0,0.66,0,0,0,4.98,0,0,0,0,0,0,0,0,0,0,0,0.33,0,0.66,0,0,0,0,0,0,0,0,0,0.306,0.204,0,0.306,0,0,5.525,100,431
0,0,0,0,0.82,0,0,0,0,0,0,1.65,0,0,0,0,0.82,0,0,0,0,0,0,0,0,0,0,0,0,0,0,0,0,0,0,0,0.82,0,0,0,0,0,0,3.3,0,0,0,0,0,0,0,0,0,0,2.06,8,68
0.18,0,0.55,0,0.18,0,0,0,0,0,0,0.37,0,0,0,0,0,0,1.49,0,0,0,0,0,0,0,0,0,0,0,0,0,0,0,0,0,0.18,0,0,0,0,0,0,0,0.18,0,0,0,0.031,0.127,0.031,0,0,0,1.428,5,80
0,0,0,0,0,0.57,0,0,0,0,0,0,0,0,0,0,0,0,0.57,0,0,0,0,0,0,0,0,0,0,0,0,0,0,0,0.57,0,0,0,0,0,0,0.57,0,2.31,0,0,0,0,0.089,0.179,0,0.089,0,0,2.204,10,97
0.51,0,0,0,0,0,0,0,0,0,0,0.25,0.51,0,0,0,0,0,2.3,0,1.53,0,0,0,0,0,0,0,0,0,0,0,0,0,0,0,0.25,0,0,0,0,0,0,0,0.25,0,0,0,0,0.333,0.047,0,0,0,1.196,5,67
0.12,0,0.12,0,0,0,0,0,1.12,0,0,0.37,0,0,0,0,0,0,0.49,0,0.24,0,0,0,0.62,0.74,0.12,0,0,0,0,0,0.37,0,0,0,0.12,0,0,0,0,0,0,0,0,0,0,0,0.12,0.189,0.034,0,0.034,0,3.302,41,535
0,0,0,0,0,0,0,0,0,0,0,1.2,0,0,0,0,0,0,0,0,0,0,0,0,0,0,0,0,0,0,0,0,0,0,0,0,1.2,0,0,0,0,0,0,0,1.2,0,0,0,0,0.202,0,0,0,0,1.533,5,23
0,0,0,0,0,0,0.49,0.99,0,2.48,0,0.49,0,0,0,0,0,0,0,0,0,0,0,0,3.48,2.48,0.49,0,0,0,0,0,0,0,0,0,1.99,0,0,0,0,0,0,0,0,0,0,0,0.336,0.588,0.168,0,0,0,5.61,42,331
0.4,0,0.4,0,0,0,0,0,0,0,0,0,0.4,0,0,0,0,0,1.61,0,0,0,0,0,0,0,0,0,0.4,0,0,0,0,0,0,0,0,0,0,0,0,0,0,0,0,0,0,0,0,0,0,0,0,0,1.148,3,31
0,0,0,0,0,0,0,0,0,2.38,0,4.76,0,0,0,0,0,0,0,0,0,0,0,0,0,0,0,0,0,0,0,0,0,0,0,0,0,0,0,0,0,0,0,0,0,0,0,0,0,0,0,0.442,0,0,2.125,10,17
0,0,0,0,0,1.88,0,0,0,0,0,0,0,0,0,0,0,0,3.77,0,1.88,0,0,0,0,0,0,0,0,0,0,0,0,0,0,0,0,0,0,0,0,0,0,0,0,0,0,0,0,0,0,0,0,0,2.307,16,30
0,0,0,0,0,1.27,0,0.63,0,0,0,0,0,0,0,0,0,0,3.82,0,0.63,0,0,0,0,0,0,0,0,0,0,0,0,0,0,0,0,0,0,0,0,0,0,0,0,0,0,0,0,0,0,1.096,0.109,0,1.916,12,69
0,0.47,0.47,0,1.41,0,0.47,0,0,0.47,0.47,0.94,0,0,0,0.94,0,0,1.88,0,0.94,0,0,0,0,0,0,0,0,0,0,0,0,0,0,0,0,0,0,0,0,0,0,0,0,0,0,0,0,0,0,0.218,0,0,1.102,6,54
0,0,0.31,0,0.62,0.62,0.62,0.31,0,1.88,0.62,1.25,0,0,0.31,1.56,0.31,0,3.76,0,1.25,0,0,0,0,0,0,0,0,0,0,0,0,0,0,0,0,0,0,0,0,0,0,0,0,0,0,0,0,0,0,0.77,0,0,2.481,11,134
0,0.35,0.71,0,0.35,0,0.17,0,0,0.53,0.17,0,0.17,0,0.35,0.17,0,1.07,0.17,0.17,0.71,0,0,0,0,0,0,0,0,0,0,0,0,0,0,0,0,0,0,0,0,0,0,0,0,0,0,0,0,0.027,0,0.167,0.027,0.055,7.527,149,956
0,0.64,0.64,0,0.32,0,0,0,0,0,0,0.64,0,0,0,0.32,0,1.29,1.62,0,0.97,0,0,0,0,0,0,0,0,0,0,0,0,0,0,0,0,0,0,0,0,0,0,0,0,0,0,0,0,0.053,0,1.065,0,0,3.932,61,291
0,0.64,1.29,0,0.32,0,0,0,0,0,0,0.64,0,0,0,0.32,0,1.29,2.59,0,1.29,0,0,0,0,0,0,0,0,0,0,0,0,0,0,0,0,0,0,0,0,0,0,0,0.32,0,0,0,0,0.053,0,0.531,0,0,4.337,121,334
0.34,0.05,0.58,0,0.63,0.17,0,0,0.75,0.23,0.34,1.27,0.34,0,0,0.58,0.05,0.17,3.01,2.61,1.5,0,0.17,0.34,0,0,0,0,0,0,0,0,0,0,0,0,0,0,0,0,0,0,0,0,0,0,0,0,0,0.201,0,0.127,0.182,0.027,4.225,131,1107
0.44,0,0.88,0,0.44,1.32,0.44,0,0,0,0,0,0,0,0,0,0,0.44,1.76,0,2.2,0,2.2,0,0,0,0,0,0,0,0,0,0,0,0,0,0,0,0,0,0,0,0,0,0,0,0,0,0.215,0,0,0.43,0.358,0,2.403,16,137
1.26,0.42,1.26,0,0,0,0,0,0,0,0,0.42,0,0,0,0.42,0,0.84,3.79,0,1.26,0,0,0.42,0,0,0,0,0,0,0,0,0,0,0,0,0,0,0,0,0,0,0,0,0.42,0,0,0,0,0.067,0,0.472,0.472,0,3,19,108
0.89,0,0.89,0,0,0,1.78,0,0,0,0.89,1.78,0,0,0,0,0,0,6.25,0,0,0,0,0,0,0,0,0,0,0,0,0,0,0,0,0,0,0,0,0,0,0,0,0,0.89,0,0,0,0,0,0,1.344,0,0,5.25,16,84
0,0,0,0,0,0,0,0,0,0,0,0,0,0,0,6.52,0,0,2.17,0,2.17,0,0,0,0,0,0,0,0,0,0,0,0,0,0,0,0,0,0,0,0,0,0,0,0,0,0,0,0,0,0,1.149,0,0,9.1,33,91
0.13,0.26,0.52,0,0.26,0,0.13,0,0,0.39,0.13,0.13,0.13,0,0.26,0.13,0,0.78,0.39,0.13,0.52,0,0,0,0,0,0,0,0,0,0,0,0,0,0,0,0,0,0,0,0,0,0,0,0,0,0,0,0,0,0,0.366,0,0.04,7.138,149,1235
0.33,0,0.33,0,0,0,0.66,0,0,0,0,1.32,0,0,0,0.66,0.99,0,2.64,0,0.99,0,0.66,0,0,0,0,0,0,0,0,0,0,0,0,0,0,0,0.66,0,0,0,0,0,0,0,0,0,0,0.116,0,0.406,0.464,0.348,6.932,43,513
0.57,0,1.72,0,0,0,0,0.57,0,0,0,0.57,1.72,0,0,0,0.57,0,4.59,0,0,0,0,0.57,0,0,0,0,0,0,0,0,0,0,0,0,0,0,0,0,0,0,0,0,0,0,0,0,0,0.099,0,0.396,0.099,0,2.333,11,70
0,0,0.84,0,0.56,0,0,0.56,0,0,0,0,0,0,0,0.28,0,0,1.13,0,0.28,0,0,0,0,0,0,0,0,0,0,0,0,0,0,0,0,0,0,0.28,0,0,0,0,0,0,0,0,0,0.278,0,0.046,0,0,1.661,6,118
0,0.7,1.05,0,0.35,0,0,0,0,0,0,0.7,0,0,0,0.35,0,1.4,2.46,0,1.4,0,0,0,0,0,0,0,0,0,0,0,0,0,0,0,0,0,0,0,0,0,0,0,0.35,0,0,0,0,0.056,0,0.897,0,0,4.43,121,350
0,0.26,0.26,0,0.39,0,0.13,0,0,0.26,0,0.26,0.26,0,0.13,0.26,0,0.13,3.14,0.26,1.44,7.33,0.13,0.26,0,0,0,0,0,0,0,0,0,0,0,0,0,0,0,0,0,0,0,0,0.13,0,0,0,0,0,0,0.022,0.022,0.889,12.454,107,1096
0,0.81,0.61,0,0,1.02,0,0.2,0.4,0.61,0,2.25,0,0,0,0,0.61,0,2.86,0,1.02,0,0,0.2,0,0,0.2,0,0,0,0,0,0,0,0,0,0,0,0,0,0,0,0,0,0,0,0,0,0,0.095,0,0.158,0.063,0,2,31,156
0.08,0.08,0.48,0,0.16,0.24,0,0,0.24,0.08,0,0.56,0,0,0,0,0,0.08,0.88,0.08,0.48,4.57,0.4,0.72,0,0,0,0,0,0,0,0,0,0,0,0,0,0,0,0,0,0,0,0,0,0,0,0,0,0,0,0.233,0.202,0.326,8.763,102,1481
0,0,2.22,0,0,0,2.22,0,0,0,0,0,0,0,0,0,0,0,0,0,0,0,0,0,0,0,0,0,0,0,0,0,0,0,0,0,0,0,0,2.22,0,0,0,0,0,0,0,0,0,0,0,0,0.439,0,3,11,24
0,0,0,0,1.91,0,0.31,0.31,0,0.31,0.63,1.59,0.63,0,0.63,0,0.63,2.23,3.19,0,1.59,0,0.31,0,0,0,0,0,0,0,0,0,0,0,0,0,0,0,0,0.63,0,0,0,0,0,0,0,0,0,0.092,0,0.323,0,0,2.15,18,86
0.1,0.2,1.01,0,0.8,0.8,0.5,0,0.8,0.1,0.3,0.7,0.3,0,1.61,0.1,0,1.11,1.31,0.2,0.7,0,0.6,0.1,0,0,0,0,0,0,0,0,0,0,0,0,0,0,0,0,0,0,0.2,0,0.1,0.1,0,0,0,0.11,0,0.49,0.158,0.015,8.55,669,1351
0.15,0.21,0.58,0,0.15,0.15,0.05,0.1,0,0.42,0.1,0.95,0.42,0.05,0.05,0,0,0.36,3.16,0,1.58,0,0.52,0.31,0,0,0,0,0,0,0,0,0,0,0,0,0,0,0,0,0,0,0,0,0,0,0,0,0.027,0.184,0,0.406,0.388,0.036,4.829,116,1589
0,0.81,1.47,0,1.3,0,0.98,0.98,0.32,1.79,0,0.81,0,0,0.32,0.49,0.65,0,0.98,0.16,1.3,0,0,0,0,0,0,0,0,0,0,0,0,0,0,0.16,0,0,0,0.16,0,0,0,0,0,0,0,0,0,0.247,0,0.179,0.674,0,2.922,113,640
0.1,0.1,0.7,0,0.6,0.2,0.4,0.1,1.41,0.8,0.1,0.6,0,0,0,0.1,0,1.01,2.22,0.4,2.02,0,0,0.3,0,0,0,0,0,0,0,0,0,0,0.1,0,0,0,0.1,0,0,0,0,0,0,0,0,0,0,0,0.265,0.977,0.397,0.033,3.16,56,1046
0.24,0,0.99,0,0.99,0,0.49,0.99,0,0.24,0,0.49,0,0,0,0.49,0.99,0.74,1.98,0.74,0.99,0,0,0.49,0,0,0,0,0,0,0,0,0,0,0,0,0,0,0,0,0,0,0,0,0,0,0,0,0,0.179,0,0.847,0.077,0,3.219,114,499
0.4,0.14,0.32,0,0.25,0.18,0.03,1.01,0.4,0.4,0.1,0.72,0.65,0.36,0.25,0.54,0.36,0.32,3.05,0.14,1.45,0,0.29,0.76,0,0,0,0,0,0,0,0,0,0,0,0,0,0,0,0.03,0,0,0,0,0.07,0,0,0,0.012,0.042,0.073,0.343,0.141,0,3.328,181,1621
0,0,0,0,0,0,1.96,0,0,0,0,0,0,0,0,0,0,0,1.96,0,1.96,0,0,1.96,0,0,0,0,0,0,0,0,0,0,0,0,0,0,0,0,0,0,0,0,0,0,0,0,0,0,0,0.334,0,0,3.214,22,45
0,0,0,0,0.38,0.38,0.38,0.38,0,0,0.38,0,0,0,0,0.38,0,0,3.5,0,1.94,0,0,0.38,0,0,0,0,0,0,0,0,0,0,0,0,0,0,0,0,0,0,0,0,0,0,0,0,0,0,0,0.122,0,0,2.08,12,104
0.33,0,1.65,0,0.99,0,0.33,0,0.66,1.32,0,0,0,0,0,0,0,0,0.33,0.99,0.66,0,0,0,0.33,0,0,0,0,0,0,0,0,0,0,0,0,0,0,0,0,0,0,0,0,0,0,0,0,0,0,0.859,0.101,0,337.25,1146,1349
0,0.2,0.61,0,1.03,0,0.41,0.2,0,0.2,0,0.41,0.2,0,2.06,0.2,0,2.47,2.06,0,1.03,0,0,0,0,0,0,0,0,0,0,0,0,0,0,0,0,0,0,0.2,0,0,0,0,0.2,0,0,0,0,0,0,0.238,0.034,0,3.632,32,247
0,0,0,0,0,0,0,0,0,0,0,0,0,0,0,0,0,0,0,0,0,0,0,0,0,0,0,0,0,0,0,0,0,0,0,0,0,0,0,0,0,0,0,0,0,0,0,0,0,0,0,0,0,0,1.055,3,38
0,0.36,0,0,0,0.36,1.47,0,0,0.36,0.36,0.73,0,0,0,0.36,0,1.1,2.2,0,0.73,0,0.36,0,0,0,0,0,0,0,0,0,0,0,0,0,0,0,0,0,0,0,0,0,0,0,0,0,0,0.183,0,0.367,0.061,0.122,4,36,264
0,0,0.24,0,0.72,0,0,0,0.48,0,0,0.48,0,0,0,0,0,0.96,0.96,0,0.72,0,0,0,0,0,0,0,0,0,0,0,0,0,0,0,0,0,0,0,0,0,0,0,0.24,0,0,0,0,0,0,0.328,0,0,1.74,48,141
0,0,0.71,0,0.89,0.17,0.17,0,0,1.24,0.17,0,0,0,0.89,0,0.17,0.35,1.24,0.17,1.42,6.41,1.06,0,0,0,0,0,0,0,0,0,0,0,0,0,0,0,0,0,0,0,0,0,0,0,0,0,0,0,0,0.278,0.216,0.836,8.523,58,895
0,0,0.89,0,1.79,0.44,0,0,0,0,0,0.44,0,0,0,1.34,0,0,2.24,0,4.48,0,0,0,0,0,0,0,0,0,0,0,0,0,0,0,0,0,0,0,0,0,0,0,0,0,0,0,0,0.075,0.075,0,0,0,1.968,11,124
0.24,0,0.24,0,0,0.48,0.24,0,0,0.48,0.24,0.72,1.2,0,0,1.68,0.72,0,1.92,0,1.68,0,0.24,0,0,0,0,0,0,0,0,0,0,0,0,0,0,0,0,0,0,0,0,0,0,0,0,0,0,0,0,0.677,0.828,0.15,4.333,52,429
0,0.18,1.1,0,0.73,0.73,0.73,0.09,0.83,0.27,0.27,0.64,0.27,0,1.47,0.09,0,1.2,1.38,0.18,0.64,0,0.55,0.18,0,0,0,0,0,0,0,0,0,0,0,0,0,0,0,0,0,0,0.18,0,0.09,0.09,0,0,0,0.094,0,0.432,0.135,0.013,8.445,696,1478
0,0.67,0.67,0,0.5,0,0.16,0.16,0,0,0,0.33,0.67,0.67,0.5,0,0,0,2.52,0.5,1.51,0,0,0.16,0,0,0,0,0,0,0,0,0.33,0,0,0,0,0,0,0,0,0,0,0,0,0,0,0,0,0,0,0.079,0.105,0.052,2,32,260
0,0.66,0.66,0,0.49,0,0.16,0.16,0,0,0,0.33,0.66,0.49,0.66,0,0,0,2.47,0.49,1.48,0,0,0.16,0,0,0,0,0,0,0,0,0.33,0,0,0,0,0,0,0,0,0,0,0,0.16,0,0,0,0,0,0,0.076,0.101,0.05,2.03,32,264
0,0.69,0.69,0,0.51,0,0.17,0.17,0,0,0,0.34,0.69,0.69,0.69,0,0,0,2.59,0.51,1.55,0,0,0.17,0,0,0,0,0,0,0,0,0.34,0,0,0,0,0,0,0,0,0,0,0,0,0,0,0,0,0,0,0.079,0.106,0.053,2,32,260
0,0,0,0,0.93,0,0,0,0,0.93,0,0,0,0,0,0,0,0,2.8,0,2.8,0,0,0,0,0,0,0,0,0,0,0,0,0,0,0,0,0,0,0,0,0,0,0,0,0,0,0,0,0,0,0,0,0,11.066,73,166
0,0.47,0.47,0,1.41,0,0.47,0,0,0.47,0.47,0.94,0,0,0,0.94,0,0,1.88,0,0.94,0,0,0,0,0,0,0,0,0,0,0,0,0,0,0,0,0,0,0,0,0,0,0,0,0,0,0,0,0,0,0.224,0,0,1.102,6,54
0,0.89,0,0,0.89,0,0,0,0,0,0,0,0.89,0,0,0.89,0,0,6.25,2.67,1.78,0,0,0,0,0,0,0,0,0,0,0,0,0,0,0,0,0,0,0.89,0,0,0,0,0.89,0,0,0,0,0,0,1.129,0.483,0,1.826,10,42
0,0,0.44,0,1.32,0,0.44,0,0,1.32,0,0,0,0,0,0,0.44,0,4.42,0,3.09,0,0,0.44,0,0,0,0,0,0,0,0,0,0,0,0,0,0,0,0,0,0,0,0,0,0,0,0,0,0.301,0,0.301,0,0,2.787,19,131
0.49,0,0.74,0,0.24,0.24,0.24,0.49,0,0,0.49,2.24,0,0,0,0.49,0.99,0.24,3.99,0,1.99,0,0,0,0,0,0,0,0,0,0,0,0,0,0,0,0,0,0,0,0,0,0,0,0,0,0,0,0,0.035,0,0.315,0.035,0,4.071,60,228
0,0,0,0,0.52,0,0,0,0,0,0,0,0,0.52,0,0.52,0,0,0,0,0,0,0,0,0,0,0,0,0,0,0,0,0.52,0,0,0,0,0,0,0,0,0,0.52,0,0,1.56,0,0,0,0.077,0,0.077,0,0,1.388,11,75
0,0,0,0,0,0,0,0,0,0,0,6.06,0,0,0,0,0,0,9.09,0,0,0,0,0,0,0,0,0,0,0,0,0,0,0,0,0,0,0,0,0,0,0,0,0,0,0,0,0,0,0,0,0,0,0,2.4,14,24
0.09,0,0.27,0,0.36,0.09,0,0.18,0.09,0,0,0.81,0,0.36,0,0,0,0,1.99,0,3.35,0,0.36,0.09,0,0,0,0,0,0,0,0,0,0,0,0,0,0,0,0,0,0,0,0,0.27,0,0,0,0.015,0.047,0.031,0.253,0.031,0.031,3.771,69,528
0,0.56,0,0,0.56,0,0,0,1.01,0.56,0.11,1.79,0.22,0.11,0,0.11,0.22,0.89,1.79,0,2.8,0,0,0,0.11,0.11,0,0,0,0,0,0,0,0,0,0,0,0,0,0,0,0,0,0,0,0,0,0,0,0.186,0,0.056,0.056,0,2.153,53,532
0.72,0,0,0,1.45,0.72,0.72,0,0,1.45,0,0,0,0,0,0,0,0,1.45,0,0,0,0,0,0,0,0,0,0,0,0,0,0,0,0,0.72,0,0,0,0,0,0,0,0,0,0,0,0,0,0.404,0,0.134,0,0,3.066,14,92
0.09,0,0.27,0,0.36,0.09,0,0.18,0.09,0,0,0.72,0,0.36,0,0,0,0,2,0,3.36,0,0.36,0.09,0,0,0,0,0,0,0,0,0,0,0,0,0,0,0,0,0,0,0,0,0.27,0,0,0,0.015,0.047,0.031,0.237,0.031,0.031,3.758,69,530
0.08,0.08,0.76,0,0.85,1.02,0.25,0.17,0.59,0.08,0.17,0.59,0.17,0,2.21,0.25,0.08,0.93,1.61,0.17,0.42,0,0.85,0.08,0,0,0,0,0,0,0,0,0,0,0,0,0,0,0,0.08,0,0,0.17,0.08,0.08,0.08,0,0,0,0.065,0,0.408,0.118,0.013,7.55,669,1412
0.34,0,1.7,0,1.02,0,0,0,0.68,1.02,0,0,0,0,0,0,0,0,0.34,1.02,0.68,0,0,0,0.34,0,0,0,0,0,0,0,0,0,0,0,0,0,0,0,0,0,0,0,0,0,0,0,0,0,0,0.898,0.105,0,443.666,1325,1331
0,0,0,0,0,0,0,0,0,0,0,0,0,0,0,0,0,0,0,0,0,0,0,0,0,0,0,0,0,0,0,0,0,0,0,0,0,0,0,0,0,0,0,0,1.17,0,0,0,0,0.443,0,0.221,0.665,0,3.812,15,61
0.48,0.97,0.97,0,0.48,0,0,0.48,0,1.95,0,2.43,0,0.48,0,0.48,0,0,1.95,0,5.36,0,0,0,0,0,0,0,0,0,0,0,0,0,0,0,0,0,0,0,0,0,0,0,0,0,0,0,0,0.26,0,1.739,0.173,0.086,56.538,636,735
0.09,0,0.27,0,0.36,0.09,0,0.18,0.09,0,0,0.72,0,0.36,0,0,0,0,2,0,3.36,0,0.36,0.09,0,0,0,0,0,0,0,0,0,0,0,0,0,0,0,0,0,0,0,0,0.27,0,0,0,0.015,0.047,0.031,0.237,0.031,0.031,3.758,69,530
0.08,0.08,0.76,0,0.85,1.02,0.25,0.17,0.59,0.08,0.17,0.59,0.17,0,2.21,0.25,0.08,0.93,1.61,0.17,0.42,0,0.85,0.08,0,0,0,0,0,0,0,0,0,0,0,0,0,0,0,0.08,0,0,0.17,0.08,0.08,0.08,0,0,0,0.065,0,0.408,0.118,0.013,7.55,669,1412
0,0,0,0,0,0,0,0,1.35,0,0,0,0,0,0,0,0,0,2.7,0,2.7,0,0,0,0,0,0,0,0,0,0,0,0,0,0,0,0,0,0,0,0,0,0,0,0,0,0,0,0,0,0,0.636,0,0,3.809,28,80
0,0,0,0,0,0,0,0,0,0,0,3.7,0,0,0,0,0,0,3.7,0,0,0,0,0,0,7.4,0,0,0,0,0,0,0,0,0,0,0,0,0,0,0,0,0,0,0,0,0,3.7,0,0,0,0.371,0,0,2.25,8,27
0.03,0.01,0.15,0,0.09,0.03,0,0.03,0.03,0.11,0,0.25,0.11,0.05,0.01,0.03,0.05,0.03,0.13,0,0.15,0,0.07,0,0,0,0,0,0,0,0,0,1.84,0,0,0.11,0.91,0,0,0.05,0.19,0.01,0.03,0.03,0,0.09,0,0.23,0.038,0.19,0,0.002,0.005,0,2.143,107,3168
0,0,1.31,0,0,0,0,0,0,0,0,2.63,0,0,0,0,0,0,5.26,0,1.31,0,0,0,1.31,0,0,0,0,1.31,0,0,0,0,0,0,0,0,0,0,0,1.31,0,0,0,0,0,0,0,0.242,0,0,0,0,1.266,3,19
0,0,0,0,0.44,0,0,0,0,0,0,0.88,0,0,0,0,0,0,1.32,0,0.44,0,0,0,1.76,1.32,0.88,0.44,2.64,0.44,0.44,0.44,0,0.44,0.44,0.44,0.88,0,0.88,0.44,0,2.64,0.88,0,0.88,0,0,0,0,0.146,0.073,0,0,0,1.955,13,133
0,0,0.94,0,0,0,0,0,0,0,0,0.47,0,0,0,0,0,0,0,0,0,0,0,0,0.47,0,0,0,0,0,0,0,0,0,0,0,0.94,0,0,0,0,1.42,0,0,0,0,0,0.94,0,0,0,0,0,0,1.766,4,53
0,0.22,0.33,0,0.22,0.11,0,0,0,0,0.11,0.44,0,0,0,0,0,0,0.44,0,0.11,0.11,0,0,0.11,0.11,0,0,0,0,0,0,0.11,0,0,0,0,0,0.11,0,0,0,0,0,0.66,0,0,0,0.019,0.253,0,0,0,0,2.068,11,395
0,0,1.81,0,0,0,0,0,0,0,0,3.63,1.81,0,0,0,0,0,0,0,0,0,0,0,0,0,0,0,1.81,0,0,0,0,0,0,0,0,0,0,0,0,1.81,0,0,0,0,0,0,0,0.3,0,0,0,0,1.652,8,38
0,0,0,0,1.43,0,0,0,0,0,0,0,0,0,0,0,0,0,1.43,0,0,0,0,0,0,0,0,0,0,0,0,0,0.71,0,0,0,0,0,0,0,0,2.15,0,0,0,0,0,0,0,0.138,0,0,0,0,1.863,5,41
0,0,0,0,0.77,0,0,0,0,0,0,0,0,0,0,0,0,0,1.55,0,0.77,0,0,0.77,0,0,0.77,0,0,0,0,0,0,0,0,0,0,0,0,0,0,0,0,0,1.55,0.77,0,0,0,0.49,0,0.196,0,0,3.16,10,79
0,0,0,0,3.07,0,0,0,0,0,0,4.61,0,0,0,0,0,0,0,0,1.53,0,0,0,0,0,0,0,6.15,0,0,0,0,0,0,0,0,0,0,0,0,6.15,0,0,0,0,0,0,0,0,0,0,0,0,1.529,4,26
0.29,0.58,0.29,0,0.29,0,0,0.29,3.23,0.88,0.29,0.88,0,0,0,0,0,0.88,1.76,0.29,2.64,0,0,0,0.29,0.29,0.29,0,0,0,0,0,0,0,0,0,0.29,0,0,0,0,0,0,0,0,0,0,0,0.075,0.113,0,0.113,0.265,0.113,2.285,16,208
0,0,0,0,0,0,0,0,0,0,0,3.44,0,0,0,0,0,0,1.72,0,0,0,0,0,0,0,0,0,0,0,0,0,0,0,0,0,1.72,0,0,0,0,0,0,0,0,0,0,0,0,0,0,0,0,0,2.062,8,33
0,0,0,0,0,0,0,0,0,0,0,0,0,0,0,0,0,0,0,0,0,0,0,0,14.28,0,0,0,0,0,0,0,0,0,0,0,0,0,0,0,0,0,0,0,0,0,0,0,0,0,0,0,0,0,2.777,14,25
0,0,0,0,0,0,0,0,0,0,0,0,0,0,0,0,0,0,0,0,0,0,0,0,0,0,0,0,0,0,0,0,0.45,0,0,0,0,0,0,0,0,0,0,0,0,0,0,0,0,0.027,0,0,0,0,1.567,6,428
0,0,1.46,0,0,0,0,0,0,0,0,0,0,0,0,0,0,0,0,0,0,0,0,0,3.41,0.97,0.48,0.48,0,0,0,0,0,0,0.48,0,0.48,0,0,0,0,0,0.48,0,0.97,0,0,0,0.471,0.55,0,0.078,0,0,2.552,16,171
0,0,0.08,0,0.17,0,0,0.08,0.08,0,0,0.43,0.08,0,0,0,0,0,0,0,0,0,0.08,0,3.54,0,0,0,0,0,0,0,0,0,0,0.77,0.17,0,0,0,0,0.08,0,0.17,0,0,0,0.17,0.08,0.045,0,0,0.011,0,2.45,25,566
0,0,0,0,0,0,0,0,0,0,0,0,1.01,0,0,0,0,0,2.02,0,0,0,0,0,0,0,0,0,0,0,0,0,0,0,0,0,1.01,0,2.02,0,0,0,1.01,0,2.02,1.01,0,0,0,0,0.188,0.376,0,0,2.31,15,67
0.05,0,0,0,0,0.1,0,0,0,0.1,0.05,0.48,0,0,0.05,0.21,0.1,0,1.62,0.05,1.08,0,0.21,0.05,2.05,0.48,0.05,0.16,0,0.16,0.27,0,0,0,0.21,0,0.27,0,0.16,0,0,0,0,0,0.05,0,0,0.1,0,0.289,0.015,0.062,0.046,0,2.007,32,1026
0,0,0,0,0,0,0,0,0,0,0,0,0,0,0,0,0,0,0,0,0,0,0,0,0,0,0,0,0,0,0,0,0,0,0,0,0,0,3.7,0,0,3.7,0,0,3.7,0,0,0,0,0,0.689,0,0,0,1.888,5,17
0.72,0,0,0,0,0,0,0,0,0,0,1.45,0,0,0,0,0,0,0.72,0,0,0,0,0,0,0,0,0,0,0,0,0,0,0,0,0,0,0,0,0,0,0,0,0,0,0,0,0.72,0,0,0,0,0,0,1.407,6,38
0,0,0,0,0,0,0.46,0,0,0,0,0.46,0,0,0,0,0,0,0.46,0,0,0,0,0,0.46,0,0.92,0,0,0,0,0,2.3,0,0,0,0.92,0,0.92,0,0,0,0.92,0,0.46,0,0,0,0.163,0.163,0,0.163,0,0.081,2.343,13,150
0,0,0,0,0,0,0,0,0,0.93,0,0,0,0,0,0,0,0,0,0,0,0,0,0,0,0,0.93,0,0,0,0,0,0.93,0,0,0,0,0,0,0,0,0,0,0,0,0,0,0,0,0.475,0.158,0,0,0,4.393,33,145
0.05,0,0.1,0,0,0.1,0,0.05,0.49,0,0,0.27,0,0,0,0,0.38,0,0.21,0,0.1,0,0,0,0.49,0.54,0.05,0,0,0,0,0,0.38,0,0,0.38,0.21,0,0,0,0,0,0,0,0,0,0,0,0.308,0.136,0.078,0,0.014,0,3.715,107,1386
0,0,0,0,0,0,0,0,0,0,0,1.07,0,0,0,0,0,0,0,0,0,0,0,0,0,0,0,0,0,0,0,0,1.07,0,0,0,0,0,0,0,0,0,0,0,0,0,0,0,0,0.216,0,0.216,0,0.216,2.166,6,39
0,0,0,0,0,0,0,0,0,1.12,0,0,0,0,0,0,0,0,1.12,0,1.12,0,0,0,0,0,1.12,0,0,0,0,0,0,0,0,0,0,0,0,0,0,0,0,0,2.24,0,0,0,0,0,0,0.203,0,0.203,2.222,20,40
0,0,0,0,0,0.49,0,0,0,0,0,0,0,0,0,0,0,0,1.47,0,0,0,0,0,0,0,0,0,0,0,0,0,0,0,0,0,0,0,0.49,0,0,0,0.49,0,0.49,0,0,0,0,0.195,0,0.097,0,0,2.3,18,69
0,0,0,0,0,0,0,0,0,0,0,0.68,0,0,0,0,0.68,0,0.68,0,0,0,0,0,0,0,0,0,0,0,0,0,0,0,0,2.04,0,0,0,0,0,0,0,3.4,0,0,0,0.68,0,0.086,0,0,0,0,1.41,5,79
0,0,0.66,0,0,0,0,0,0,0,0,0,0,0,0,0,0,0,2.66,0,0,0,0,0,0,0,0,0,0,0,0,0,0,0,0,0,0,0,0,0,0,0,0,0,0.66,0,0,0,0,0.231,0,0.231,0,0,1.761,17,37
0,0,0,0,0,0,0,0,0,0,0,1.04,0,0,0,0,0,0,5.2,0,0,0,0,0,0,0,1.04,0,0,0,0,0,0,0,0,0,0,0,0,0,0,0,0,0,0,0,0,0,0,0.195,0,0,0,0,1.071,2,15
0,0,0,0,0,0,0,0,0,0,0,0,0,0,0,0,0,0,0,0,0,0,0,0,0,0,20,0,0,0,0,0,0,0,0,0,0,0,0,0,0,0,0,0,0,0,0,0,0,0,0,0,0,0,1,1,5
0.48,0,0,0,0.48,0,0,0,0,0,0,0,0.48,0,0,0,0,0,4.39,0,0,0,0,0,0.48,0,0.48,0,2.92,0,0,0,0,0,0,0,0,0,0,0,0,0.97,0,0,0,0,0,0,0,0.085,0,0,0,0,1.275,3,37
0,0,0,0,0,0,0,0,0,0,0,0.89,0,0,0,0,0,0,0.89,0,0,0,0,0,1.78,1.78,0,0.89,0,0,0,0,0,0,0.89,0.89,0,0,0,0,0,0,0,0,0,0,0,0.89,0,0.537,0,0,0,0.268,2.292,12,94
0,7.01,0,0,0,0,0,0,0,0,0,0,0,0,0,0,0,0,1.75,0,1.75,0,0,0,0,0,3.5,0,0,0,0,0,0,0,0,0,1.75,0,0,0,0,0,1.75,0,1.75,0,0,0,0,0,0,0,0,0.286,1.826,13,42
0,0,0,0,0.87,0,0.87,0,0,0,0,0,0,0,0,2.63,0,0.87,2.63,0,0,0,0,0,0,0,0,0,0,0,0,0,0,0,0,0,0,0,0,0,0,0,0,0,0,0,0,0,0,0,0,0.798,0.159,0,18.454,136,203
0,0,0,0,0,0,0,0,0,0,0,1.4,0,0,0,0,0.7,0,1.4,0,1.4,0,0,0,0,0,0.7,0,0,0,0.7,0,0,0,0,0,0,0,0,2.11,0,0,0,0,0,0,0,0,0,0.266,0.066,0,0,0,18,200,378
0.3,0,0.15,0,0,0.15,0.3,0,0,0,0,0.3,0,0,0,0,0,0,0.75,0,0.3,0,0,0,0.75,0.3,0.3,0.15,0.15,0.15,0.15,0.15,0.45,0.15,0.15,0.15,0.15,0,0.15,0.15,0,0,0.15,0.75,0.15,0,0,0,0,0.328,0.046,0,0,0,1.703,12,155
0,0,0,0,0,0,0,0,0,0,0,0,2.22,0,0,0,0,0,4.44,0,0,0,0,0,0,0,8.88,0,0,0,0,0,0,0,0,0,2.22,0,0,0,0,0,0,0,2.22,0,0,0,0,0,0,0,0,0,1.3,5,26
0,0,0.7,0,0,0.14,0,0,0.28,0,0,3.08,0.14,0.28,0,0,0.14,0,0,0,0,0,0,0,0.98,0,0,0,0.14,0.14,0,0,0,0,0,0.7,0.28,0,0,0,0,0,0,0,0,0,0,0,0.054,0.199,0,0,0,0,1.82,18,304
0,0,0,0,0,0,0,0,0,0,0,0,0,0,0,0,0,0,7.69,0,0,0,0,0,0,0,7.69,0,0,0,0,0,0,0,0,0,0,0,0,0,0,0,0,0,0,0,0,0,0,0,0,0,0,0,1.285,2,9
0,0,0,0,0,0,0,0,0,0,0,0,5.55,0,0,0,0,0,5.55,0,0,0,0,0,0,0,5.55,0,0,0,0,0,0,0,0,0,0,0,0,0,0,0,0,0,0,0,0,0,0,0,0,0,0,0,1,1,10
0,0,0,0,0,0,0,0,0,0,0,0,0,0,0,0,0,0,0,0,0,0,0,0,2.56,2.56,0,1.28,0,0,0,0,0,0,1.28,1.28,0,0,0,0,0,0,0,2.56,0,0,0,0,0,0.552,0,0,0,0,2.093,11,90
0,0,0,0,0,0,0,0,0,0.29,0,0,0,0,0,0,0,0,0.58,0,0.58,0,0,0,3.51,2.34,0.87,2.34,0.58,1.17,0.58,0.58,0,0.58,1.17,0.58,0.29,0,0.87,0.58,0,0.87,0.29,0,0.58,0,0,0,0.091,0.637,0.045,0,0,0,3.552,37,373
0,0,1.58,0,0,0,0,0,0,0,0,0.79,0,0,0,0,0,0,1.58,0,0,0,0,0,0.79,0.79,0,0,0,0,0,0,0,0,0,0,0,0,0,0,0,0,0,0,0,0,0,0,0,0.149,0,0.149,0,0,1.482,10,43
0,0,0,0,4.54,0,0,0,0,0,0,0,0,0,0,0,0,0,0,0,0,0,0,0,0,0,0,0,0,0,0,0,0,0,0,0,0,0,0,0,0,4.54,0,4.54,0,0,0,0,0,0,0,0,0,0,2,5,16
0,0,0,0,0,0,0,0,0,0,0,0,0,0,0,0,0,0,0,0,0,0,0,0,0,0,0,0,10,0,0,0,0,0,0,0,0,0,0,0,0,5,0,0,0,0,0,0,0,0,0,0,0,0,1.428,3,10
0,0,0,0,0,0,0,0,0,0,0,0,0,0,0,0,0,0,4.16,0,0,0,0,0,0,0,0,0,0,0,0,0,0,0,0,0,0,0,0,0,0,0,0,0,0,0,0,0,0,0,0,0.74,0,0,1.625,6,13
0,0,0,0,0,0,0,0,0,0,0,0,0,0,0,0,0,0,0,0,0,0,0,0,4,0,0,0,0,0,0,0,0,0,0,2,2,0,4,0,0,0,0,0,0,0,0,0,0,0,0,0.176,0,0,1.758,7,51
0,0,0,0,0,0,0,0,0,0,0,0,0,0,0,0,0,0,9.52,0,0,0,0,0,0,0,0,0,0,0,0,0,0,0,0,0,0,0,0,0,0,0,0,0,4.76,0,0,0,0,0,0,0,0,0,1.142,2,8
0,0.24,0,0,0.24,0,0,0.24,0,0.49,0,0,0,1.48,0,0,0,0,0.99,0,0,0,0,0,0.49,0,0.24,0,0,0,0.24,0,0,0,0.24,0,0.74,0,0,0,0,0,0,0,0,0,0,0,0,0,0,0,0.16,0,9.31,235,1108
0,0,0,0,0,0,0,0,0,0,0,0,0,0,0,0,0,0,4.54,0,9.09,0,0,0,0,0,0,0,0,0,0,0,0,0,0,0,0,0,0,0,0,0,0,0,0,0,0,0,0,0,0,0,0,0,1,1,5
0,0,0,0,0,0,0,0,0,0,0,0,0,0,0,0,0,1.57,0,0,0,0,0.78,0,0,0,0,0,0,0,0,0,0,0,0,0,0,0,0,0,0,0,0,0,0,0,0,0,0,0,0,0,0.184,0,8.161,31,253
0,0.67,0.33,0,0.33,0.33,0.33,0.33,0,0,0.67,1,0,0,0,1,0.33,0.33,2.68,2.68,3.02,0,0,0.67,0,0,0,0,0,0,0,0,0,0,0,0,0,0,0,0,0,0,0,0,0,0,0,0,0,0.053,0,0.16,0,0.107,6.111,139,275
0,0,0.73,0,0,0,0.73,0,0,0,0,0,0,0,0,2.2,0,0,1.47,0,1.47,0,0,0,0,0,0,0,0,0,0,0,0,0,0,0,0,0,0.73,0,0,0,0,0,0,0,0,0,0,0,0,0.088,0,0,3.048,29,125
0,0,0.74,0,0,0,0.74,0,0,0,0,0,0,0,0,2.22,0,0,1.48,0,1.48,0,0,0,0,0,0,0,0,0,0,0,0,0,0,0,0,0,0.74,0,0,0,0,0,0,0,0,0,0,0,0,0.088,0,0,3.048,29,125
0,0,0.73,0,0,0.73,0.73,0,0,0,0,0,0,0,0,0.73,0,0,1.47,0,0,0,0.73,0,0,0,0,0,0,0,0,0,0,0,0,0,0,0,0,0,0,0,0,0,0,0,0,0,0,0,0,0.875,0.109,13.129,2.08,12,52
0.67,0.16,1.35,0,1.01,0,0,0,0,0.16,0.16,1.69,0.5,0,0,0.33,0,0.16,5.77,0,1.35,0,0,0.84,0,0,0,0,0,0,0,0,0,0,0,0,0,0,0,0,0,0,0,0,0,0,0,0,0,0.061,0,0.123,0.278,0.03,3.774,46,268
0,0,1.11,0,0,0,1.11,0,0,0,1.11,1.11,0,0,0,2.22,0,0,3.33,0,3.33,0,0,0,0,0,0,0,0,0,0,0,0,0,0,0,0,0,0,0,0,0,0,0,0,0,0,0,0,0.138,0,0.138,0.138,0,2.7,11,54
0,0,0,0,0,0,0.91,0,0,0,0,0.91,0,0,0,0.91,0,1.83,4.58,0,1.83,0,0,0,0,0,0,0,0,0,0,0,0,0,0,0,0,0,0,0,0,0,0,0,0,0,0,0,0,0.151,0,0.455,0,0,2.842,10,54
0.31,0,0.63,0,0.47,0.47,0.15,0.79,0.15,0.63,0.31,1.42,0,0,0,0,1.58,0,2.05,1.58,3.95,0,0.15,0.47,0,0,0,0,0,0,0,0,0,0,0,0,0,0,0,0.15,0,0,0,0,0.15,0,0,0,0,0.076,0,1.3,0.127,0,5.241,97,650
0,0,0.32,0,0.64,0.64,0.64,0.32,0,0,0,0.32,0.32,0,0,0.32,0.32,0.32,2.27,0,3.24,0,0,0.32,0,0,0,0,0,0,0,0,0,0,0,0,0,0,0,0,0,0,0,0,0.64,0,0,0,0,0.166,0,0,0.166,0,1.688,19,157
0,0,0,0,1.26,0,1.26,0,0,0,0,0,0,0,0,0,0,1.26,0,0,1.26,0,0,0,0,0,0,0,0,0,0,0,0,0,0,0,0,0,0,0,0,0,0,0,1.26,0,0,0,0.431,0,0,0,0.215,1.724,3.529,13,60
0.1,0,0.1,0,0.4,0.1,0.1,0,0.2,0.2,0.4,0.5,0,0.6,0,0.91,0.2,0,1.72,4.26,1.72,0,0.4,0.2,0,0,0,0,0,0,0,0,0,0,0,0,0,0,0,0,0,0,0,0,0,0,0,0,0,0.096,0,0.336,0.16,0,6.758,494,1426
0,0,0,0,0,0,0,1.12,0,0,0,0,0,0,0,0,0,0,0,0,0,0,1.12,0,0,0,0,0,0,0,0,0,0,0,0,0,0,0,0,0,0,0,0,0,1.12,0,0,0,0,0.212,0,0.424,0.424,0,4.1,25,82
0.06,0.65,0.71,0,0.39,0.65,0.52,0.19,1.04,0.52,0.06,0.39,0.32,0,1.17,0.13,0.06,1.1,1.3,0,1.04,0,0.52,0.19,0,0,0,0,0,0,0,0,0,0,0,0,0,0,0,0.06,0,0,0,0,0,0.06,0,0,0,0.085,0,0.287,0.106,0,4.742,117,1342
0,0,0,0,0,0,0,0,0,0,0,0,0,0,0,2.04,0,0,1.02,1.02,0,0,0,0,0,0,0,0,0,0,0,0,0,0,0,0,0,0,0,0,0,0,0,0,0,0,0,0,0,0.174,0,0.174,0,0,1.787,7,59
0.36,0.27,0.63,0,0.82,0.36,0,0.36,0.27,4.1,0.09,1.27,0.45,0,1.27,1.18,0.27,2.1,2.73,0,2.83,0,0.09,0.27,0,0,0,0,0,0,0,0,0,0,0,0.09,0,0,0,0.09,0,0,0,0,0,0,0,0,0,0.101,0,0.611,0.014,0,3.707,127,875
0,0.37,1.11,0,0.37,0,0,0,0,0.74,0.37,0.74,0,0,0.37,3.34,0,0,0.74,0,1.48,0,0,0.37,0,0,0,0,0,0,0,0,0,0,0,0,0,0,0,0,0,0,0,0,0,0,0,0,0,0.292,0,0.878,0.175,0.058,5.985,58,425
0,0.37,0,0,0.37,0.37,0.37,0.74,0.37,0.37,0,0.74,0.37,0,0,0.37,1.49,0,3.73,2.61,1.49,0,0,0,0,0,0,0,0,0,0,0,0,0,0,0,0,0,0,0.74,0,0,0,0,0.37,0,0,0,0,0,0,1.199,0.505,0,3.337,64,267
0.45,0,0.67,0,0.22,0.67,0,0.67,0.22,0.22,0.22,1.35,0,0,0,0.45,1.35,0.22,1.57,1.57,3.37,0,0.22,0.67,0,0,0,0,0,0,0,0,0,0,0,0,0,0,0,0,0,0,0,0,0,0,0,0,0,0.111,0,1.599,0.148,0,4.947,102,564
0,0,0.44,0,0.88,0.22,0,0,0,0,0,0.44,0,0.22,0,0,0,0,0.66,0,0.44,0,0,0,0,0,0,0,0,0.66,0,0,0,0,0,0,0,0,0,0,0,0,0,0.44,0,0,0,0,0.037,0.224,0,0,0.187,0.149,3.384,21,264
0.25,0,0,0,0.25,0.25,0,0,0,0,0,0.51,0,0.25,0,0,0,0.25,0.51,0,0.25,0,0,0,0,0.25,0,0,0,0,0,0,0.25,0,0,0,0,0,0,0,0.25,0,0,0,0,0.25,0,0.25,0,0.082,0,0,0,0.041,1.287,4,85
0,0,0,0,0,0,0,0,0,0,0,0,0,0,0,0,0,0,3.12,0,0,0,0,0,0,0,3.12,0,0,0,0,0,0,0,0,0,0,0,0,0,0,0,0,0,0,0,0,0,0,0.502,0,0,0,0,1,1,8
0,0,0,0,0,0,0,0.77,0,0,0,0,0,0,0,0,0,1.55,2.32,0,0,0,0,0,3.1,3.87,3.1,0.77,0,0.77,0.77,0,0,0,1.55,0.77,0,0,0,0,0,0,0,0,0,0,0,0,0,0.198,0,0.099,0,0,2.325,30,93
0,0,0,0,0,0,0,0,0,0,0,0,0,0,0,0,0,0,0,0,0,0,0,0,0,0,0.54,0,0.54,0,0,0,0,0,0,0,0,0,0,0,0,0,0,0,0,0,0,0,0,0.453,0.181,0,0,0.09,4.037,28,214
0,0,0,0,0,0,0,0,0,0,0,0,0,0,0,0,0,0,0,0,0,0,0,0,0,0,16.66,0,0,0,0,0,0,0,0,0,0,0,0,0,0,0,0,0,0,0,0,0,0,0,0,0,0,0,1.666,3,5
0,0,0,0,0,0,0,0,0,0,0,1.36,0,0,0,0,0,0,1.36,0,5.47,0,0,0,0,0,1.36,0,0,0,0,0,0,0,0,0,0,0,0,0,0,0,0,0,0,0,0,0,0,0,0,0,0,0,2.307,8,30
0,0.28,0,0,0.56,0,0,0,0.28,0,0,0.56,0,0,0,0,0,0.56,3.41,0,1.13,0,0,0,0.56,0.56,1.7,0,0,0,0,0,0,0,0,0,0,0,0,0,0,0,0.56,0,0.85,0,0,0,0.046,0.281,0.046,0,0,0,1.834,15,200
0,0,0,0,0,0,0,0,0,0,0,0,0,0,0,0,0,0,4.76,0,0,0,0,0,0,0,0,0,0,0,0,0,0,0,0,0,0,0,0,0,0,0,0,0,0,0,0,0,0,0,0,0,0,0,50,99,100
0,0,0,0,0.32,0.32,0,0,0,0,0,0.32,0,0,0,0,0,0,1.3,0,0.98,0,0,0,0,0,0,0,0.32,0,0,0,0,0,0,0,0,0,0,0,0,0,0,0.65,0,0,0,0,0,0.257,0,0,0,0,1.3,7,104
0,0,0,0,0,0,0,0,0,1.51,0,0,0,0,0,0,0,0,0,0,0,0,0,0,0,0,1.51,0,0,0,0,0,0,0,0,0,0,0,0,0,0,0,0,0,0,0,0,0,0,0,0,0,0,0,1.615,4,21
0,0,0,0,1.17,0,0,0,0,1.17,0,0,0,0,0,0,0,0,2.35,0,0,0,0,0,0,0,1.17,1.17,0,0,0,0,0,0,0,0,0,0,0,0,0,0,0,0,0,0,0,0,0,0,0,0,0,0,1.551,10,45
0,0,0,0,0,0,0,0,0,0,0,0,0,0,0,0,0,0,0,0,0,0,0,0,15.38,0,0,0,0,0,0,0,0,0,0,0,0,0,0,0,0,0,0,0,7.69,0,0,0,0,0,0,0,0,0,4.8,19,24
0,0,0,0,0,0,0,0,0,0,0,0.52,0,0,0,0,0,0,1.05,0,1.05,0,0,0,0.52,2.11,1.58,1.05,0,0.52,0,0,0,0,0.52,0,0,0,0,0,0,0,0,0,0.52,0,0,0,0,0.164,0,0,0,0,2.173,11,113
0,0,0,0,0,0,0,0,0,0,0,0,0,0,0,1.49,0,0,2.98,0,0,0,0,0,0,0,1.49,0,0,0,0,0,0,0,0,0,0,0,0,0,0,0,0,0,0,0,0,0,0,0,0,0,0,0,1.761,5,37
0,0,0,0,0,0,0,0,0,0,0,0,0,0,0,0,0,0,0,0,0,0,0,0,20.83,4.16,0,0,0,0,0,0,0,0,0,0,0,0,0,0,0,0,0,0,0,0,0,0,0,0,0,0,0,0,3.555,18,64
0,0,0,0,0,0,0,0,0,0,0,1.56,0,0,0,0,0,0,0,0,0,0,0,0,0,0,0,0,0,0,0,0,0,0,0,0,1.56,0,1.56,0,3.12,0,1.56,0,1.56,1.56,0,0,0,0.215,0.215,0,0,0,1.666,12,30
0,0,0,0,0,0,0,0,0,1.19,0,2.38,0,0,0,0,0,0,1.19,0,0,0,0,0,1.19,1.19,0,2.38,0,0,0,0,0,0,0,1.19,0,0,0,0,0,0,0,0,0,0,0,0,0,0.621,0,0,0,0,2.617,11,89
0,0,1.33,0,0,0,0,0,0,1.33,0,0,0,0,0,0,0,0,0,0,0,0,0,0,1.33,1.33,0,2.66,0,0,0,0,0,0,0,1.33,0,0,0,0,0,0,0,0,0,0,0,0,0,0.413,0,0,0,0,4.36,46,109
0,0,0,0,0,0,0,0,0,0,0,0,0,0,0,0,0,0,3.22,0,0,0,0,0,0,0,0,0,0,0,0,0,0,0,0,0,0,0,0,0,0,0,0,0,0,0,0,0,0,0.552,0,0,0,0,1.6,4,8
0,0,0,0,0,0,0,0,0,0,0,3.38,0,0,0,0,1.69,0,0,0,0,0,0,0,0,0,0,0,0,0,0,0,0,0,0,0,0,0,0,0,0,0,0,0,0,0,0,0,0,0.204,0,0.408,0,0,6.187,47,99
0.46,0.92,0.92,0,0.46,0,0,0.46,0,1.85,0,2.31,0,0.46,0,0.46,0,0,1.85,0,5.55,0,0,0,0,0,0,0,0,0,0,0,0,0,0,0,0,0,0,0,0,0,0,0,0,0,0,0,0,0.249,0,1.663,0.249,0.083,49.866,636,748
0.47,0.94,0.94,0,0.47,0,0,0.47,0,1.88,0,2.35,0,0.47,0,0.47,0,0,1.88,0,5.18,0,0,0,0,0,0,0,0,0,0,0,0,0,0,0,0,0,0,0,0,0,0,0,0,0,0,0,0,0.253,0,1.687,0.168,0.084,57.23,636,744
0.9,0,0.9,0,0.9,0,0.9,0,0,0,0,0,0,0,0,0,0,0,5.45,0,0,2.72,0,0,0,0,0,0,0,0,0,0,0,0,0,0,0,0,0,0,0,0,0,0,0,0,0,0,0,0.153,0,2.143,0.612,0.459,10.125,54,162
0,0,0.89,0,1.78,0.44,0,0,0,0,0,0.44,0,0,0,1.33,0,0,2.23,0,4.46,0,0,0,0,0,0,0,0,0,0,0,0,0,0,0,0,0,0,0,0,0,0,0,0,0,0,0,0,0.074,0,0,0,0,2.25,12,144
0,0,0,0,0,0,0,1.08,0,0,0,0,0,0,0,0,0,0,0,0,0,0,1.08,0,0,0,0,0,0,0,0,0,0,0,0,0,0,0,0,0,0,0,0,0,1.08,0,0,0,0,0.194,0,0,0.389,0,3.476,16,73
0,0,0,0,0.73,0,0,0,0,0,0,0.36,1.1,0,0,0.36,0,0,3.69,0,0.73,0,0,0.36,0,0,0,0,0,0,0,0,0,0,0,0,0,0,0,0,0,0,0,0,0,0,0,0,0,0.119,0,0.238,0.059,0,2.93,29,211
0,0,2.99,0.42,0.42,0,0.85,0,0,0,0.42,0.42,0,0,0,0.42,0,1.28,3.41,0,1.7,0,0,0,0,0,0,0,0,0,0,0,0,0,0,0,0,0,0,0,0,0,0,0,0,0,0,0,0,0.204,0,0.819,0,0,4.84,42,363
0,2.08,0,0,3.12,0,1.04,0,0,0,0,2.08,0,0,0,0,0,4.16,2.08,0,1.04,0,0,0,0,0,0,0,0,0,0,0,0,0,0,0,0,0,0,0,0,0,0,0,0,0,0,0,0,0,0,0.263,0,0,1.428,4,20
0.29,0.04,0.04,0,0.14,0.04,0,0.29,0.29,0.94,0.14,0.04,0.14,0,0.19,0.04,0.39,0.19,1.6,0.04,0.79,9.53,0.69,0.47,0,0,0,0,0,0,0,0,0,0,0,0.04,0,0,0.04,0,0,0,0,0,0.19,0,0,0,1.117,0.053,0,0.356,0.09,0.011,12.332,1171,9163
0,0,0,0,0,0,0,2.5,0,0,0,0,0,0,0,0,1.25,0,0,0,0,0,0,0,0,0,0,0,0,0,0,0,0,0,0,0,0,0,0,0,0,0,0,0,1.25,0,0,0,0,0.182,0,0,0.182,0,3.545,21,78
0.29,0,0.44,0,0.73,0,0,0,0,0,0,0.58,0,0,0,0.14,0,0,0.73,0.14,0.29,0,0,0,0,0,0,0,0,0,0,0,0,0,0,0,0.29,0,0,0,0,0.14,0,0.14,0,0,0,1.32,0.02,0.321,0.18,0.14,0,0,1.891,24,522
0,0.61,0,0,1.22,0,0,0,0,3.68,0,0,0,0,0.61,0,0,0,1.84,0,1.84,0,0,0,0.61,0.61,0,0,0,2.45,0,0,0,0,0,0,0.61,0,0,0,0,0,0,0,0,0,0,0,0,0,0,0,0,0,1.476,8,62
0,0,0,0,0,0,0,0,0,0,0,0,0,0,0,0,0,0,0,0,0,0,0,0,0,0,0,0,0,0,0,0,0,0,0,0,0,0,0,0,0,0,0,0,1.36,0,0,0,0,0,0,0,0,0,1,1,8
0,0,0,0,0,0,0,0,0,1.22,0,0,0,0,0,0,0,0.61,1.84,0,0,0,0,0,2.45,1.84,1.22,1.22,0.61,0.61,0.61,0.61,0,0.61,1.22,0.61,0.61,0,0,0.61,0,0,0.61,0,0.61,0,0,0,0.095,0.38,0.19,0.19,0,0,1.857,12,104
0,0,0,0,0,0,0,0,0,0,0,0,0,0,0,0,0,0,2.22,0,0,0,0,0,2.22,2.22,0,0,0,0,0,0,0,0,2.22,0,0,0,0,0,0,0,0,0,0,0,0,0,0,0,0,0,0,0,1.769,8,23
0,0,0,0,6.25,0,0,0,0,0,0,0,0,0,0,0,0,0,0,0,0,0,0,0,0,0,0,0,0,0,0,0,0,0,0,0,0,0,0,0,0,0,0,0,0,0,0,0,0,0,0,0,0,0,2,6,10
0,0,0,0,0,0,0,0,0,0.9,0,1.81,0,0,0,0,0,0,0,0,0,0,0,0,0.9,0.9,0,1.81,0,0,0,0,0,0,0,0.9,0,0,0.9,0,0,0,0,0,0,0,0,0,0,1.208,0,0,0,0,5.111,58,138
0,0,0,0,0,0,0,0,0,0,0,0,0,0,0,0,0,0,0.56,0,1.12,0,0,0,0,0,0,0,0,0.56,0,0,0,0,0,0,0,0,0,0,0,0,0,0,0.56,0,0,0,0,0.096,0,0,0,0,1.15,4,46
0.21,0,0.21,0.21,0.63,0,0,0,0,0,0.42,0,0.21,0,0,0.84,0,0.42,1.9,0,0,0,0.21,0,0,0,0,0,0,0,0,0,0,0,0,0,0.21,0,0,0,0,0,0,0,0,0,0,0,0,0.031,0,0.374,0.062,0,2.892,71,405
0,0,0,0,0,0,0,0,0,0,0,1.24,0,0,0,0,0,0,0,0,0,0,0,0,0,0,0,0,0,0,0,0,6.22,0,0,0,0,0,0,0,0,0,0,0,0,0,0,0,0,0,0,0,0,0,1.6,7,64
0,0,1.56,0,1.56,0,0,0,0,1.56,0,6.25,0,0,0,0,0,1.56,1.56,0,1.56,0,0,0,0,0,0,0,0,0,0,0,0,0,0,0,0,0,0,0,0,0,0,0,0,0,0,0,0,0.278,0,0,0,0,1,1,11
0,0,0,0,0,0,0,0,0,0,0,0,0,0,0,0,0,0,0,0,0,0,0,0,9.52,4.76,4.76,4.76,4.76,4.76,4.76,4.76,0,4.76,4.76,4.76,0,0,0,4.76,0,0,0,0,0,0,0,0,0,1.257,0,0,0,0,3.333,11,30
0,0,0,0,0,0,0,0,0,0,0,0,0,0,0,0,0,0,2.63,0,0,0,0,0,0,0,0,0,0,0,0,0,0,0,2.63,0,0,0,0,0,0,2.63,0,0,0,0,0,0,0,0,0,0.414,0,0,2.705,13,46
0,0.22,0,0,0.66,0.22,0,0.44,0.44,0.89,0,0,0.22,0.22,0,1.33,0,0,0.89,0,0.44,0,0,0.22,3.34,3.56,0.66,0.22,0.22,0.22,0.22,0.22,0,0.22,0.22,0.22,1.11,0,0,0.22,0,0,0.22,0,0.22,0,0,0,0.148,0.372,0.111,0.372,0.223,0,3.425,42,411
0,0.39,0.19,0,0.19,0.09,0,0,0,0,0,0.29,0,0,0.29,0,0,0.29,0.89,0,0.29,0,0,0,0.49,0.49,0,0,0,0,0,0,0,0,0,0,0.19,0,0,0,4.75,0,0.09,0,0.09,5.74,0,0,1.353,0.08,0,0.016,0,0,1.679,17,178
0,0.39,0.19,0,0.19,0.09,0,0,0,0,0,0.29,0,0,0.29,0,0,0.29,0.89,0,0.29,0,0,0,0.49,0.49,0,0,0,0,0,0,0,0,0,0,0.19,0,0,0,4.75,0,0.09,0,0.09,5.74,0,0,1.353,0.08,0,0.016,0,0,1.679,17,178
0,0,0,0,0,0,0,0,0,0.84,0,0.84,0,0,0,0,0,0,4.2,0,0,0,0,0,1.68,0,0,0,0,0,0,0,0,0,0,0,0,0,0,0,0,0,0,0,0,0,0,0,0,0,0.119,0,0,0,1.454,9,32
0,0,0,0,0,0,0,0,0,0,0,4.58,0,0,0,0,0.91,0,0,0,0.91,0,0,0,1.83,0,0,0,0,0.91,0,0,0,0,0,0.91,0,0,0.91,0,0,0,0,0,0,0,0,0,0,0.124,0,0.249,0,0,2.576,14,67
0.06,0,0.19,0,0.26,0.06,0,0.19,0,0.06,0,1.12,0.06,0.19,0,0,0.52,0,0,0.59,0.06,0,0.39,0,3.23,0,0,0,0,0,0,0,0.06,0,0,0.19,0.13,0,0,0,0,0,0,0.06,0,0,0,0,0.072,0.117,0,0,0.063,0,2.121,25,751
0,0,0,0,0,0,0,0,0,0,0,4.25,0,0,0,0,0,0,6.38,0,0,0,0,0,0,0,2.12,0,0,0,0,0,0,0,0,0,0,0,0,0,0,0,0,0,0,0,0,0,0,0,0,0,0,0,1.133,3,17
0,0,1.31,0,0,0,0,0,0,0,0,1.31,0,0,0,0,0,0,1.31,0,5.26,0,0,1.31,0,0,0,0,0,0,0,0,0,0,0,0,0,0,0,0,0,0,0,0,0,0,0,0,0,0,0,0,0.21,0,4.5,25,54
0,0,0.32,0,0.65,0.65,0.32,0.32,0,0,0,0.32,0.32,0,0,0.32,0.32,0,2.28,0,3.25,0,0,0.32,0,0,0,0,0,0,0,0,0,0,0,0,0,0,0,0,0,0,0,0,0.32,0,0,0,0,0.112,0,0,0.169,0,1.494,10,139
0,0,0,0,0,0,0,0,0,0,0,0,0,0,0,0.25,0,0,0,0,0,8.29,0.51,0,0,0,0,0,0,0,0,0,0,0,0,0,0,0,0,0,0,0,0,0,0,0,0,0,0.218,0.087,0,0.174,0.174,0.437,9.186,126,937
0,0,0.24,0,0.49,0,0,0.24,0,0.24,0.24,0.49,0,0,0,0.99,0.24,0,2.47,0,0.74,0,0,0,0,0,0,0,0,0,0,0,0,0,0,0,0,0,0,0,0,0,0,0,0,0,0,0,0,0,0,0.478,0,0,2.868,44,175
0,0,0.32,0,0.64,0.64,0.32,0.64,0,0,0,0.32,0.32,0,0,0.32,0.32,0,2.27,0,3.24,0,0,0.32,0,0,0,0,0,0,0,0,0,0,0,0,0,0,0,0,0,0,0,0,0.64,0,0,0,0,0.112,0,0,0.168,0,1.494,10,139
0.78,0,0.78,0,1.57,0,0,0,0,0,0,0,0,0,0,1.57,0.78,0,1.57,0,2.36,0,0.78,0,0,0,0,0,0,0,0,0,0,0,0,0,0,0,0,0,0,0,0,0,0,0,0,0,0,0,0,0.682,0.341,0,2.555,22,115
0,0.75,0.37,0,1.51,0,0,0.37,0,0.37,0.75,1.89,0,0,0,0.75,0.37,1.13,6.06,0,4.16,0,0,0,0,0,0,0,0,0,0,0,0,0,0,0,0,0,0,0.37,0,0,0,0,0,0,0,0,0,0,0,0.415,0.138,0,1.937,11,93
0,0,0,0,0.96,0,0.96,0,0,0.48,0.48,0.96,0,0,0,1.44,0,0,3.36,0,0.96,0,0,0,0,0,0,0,0,0,0,0,0,0,0,0,0,0,0,0,0,0,0,0,0,0,0,0,0,0.149,0,0.149,0.074,0,2.586,44,150
0,0,1.58,0,1.58,0,1.58,0,0,0,0,1.58,0,0,0,1.58,0,0,3.17,0,1.58,0,0,0,0,0,0,0,0,0,0,0,0,0,0,0,0,0,0,0,0,0,0,0,0,0,0,0,0,0,0,0.371,0,0,3.538,21,46
0,0,0,0,0,0,0.86,0,0,0,0,0,0,0,0,0.86,0,1.73,3.47,0,1.73,0,0,0,0,0,0,0,0,0,0,0,0,0,0,0,0,0,0,0,0,0,0,0,0,0,0,0,0,0.152,0,0.457,0,0,2.75,10,55
